clientIp,sessionId,request,count(request)
103.16.71.9,7,https://paytm.com:443/offer/wp-content/plugins/wc-gallery/includes/js/flexslider/flexslider.css?ver=2.2.0,1
115.248.37.154,24,https://paytm.com:443/papi/rr/products/4905528/statistics?channel=web&version=2,1
117.205.203.227,25,https://paytm.com:443/login,1
122.160.151.159,29,https://paytm.com:443/offer/wp-content/plugins/wp-social-sharing/static/socialshare.css?ver=1.3,1
122.164.205.71,29,https://paytm.com:443/shop/cart?channel=web&version=2,1
14.139.82.134,36,https://paytm.com:443/offer/wp-content/plugins/owl-carousel/js/owl.carousel.js?ver=4.2.2,2
14.140.174.242,38,https://paytm.com:443/shop/wallet/balance?channel=web&version=2,1
183.82.154.161,57,https://paytm.com:443/shop,1
27.124.41.24,62,https://paytm.com:443/shop/p/protoner-weight-lifting-package-100-kg-+-imported-kamachi-multipurpose-weight-bench-3-level-incline-dumbbell-fly-leg-raise-SPOPROTONER-WEIDUMM3156749CA5907_208,1
59.178.132.223,73,https://paytm.com:443/offer/wp-includes/js/jquery/ui/dialog.min.js?ver=1.11.4,1
1.187.226.245,2,https://paytm.com:443/shop/log,1
1.39.35.65,5,https://paytm.com:443/papi/v1/expresscart/verify,8
106.215.177.13,18,https://paytm.com:443/papi/nps/merchantrating?merchant_id=58231&channel=web&version=2,1
106.220.177.64,18,https://paytm.com:443/shop/authresponse?code=824964a5-da40-412c-8c1b-43ee0bc3e8e6,1
106.51.227.226,19,https://paytm.com:443/shop/orderdetail/1116231390?channel=web&version=2,2
106.51.248.114,19,https://paytm.com:443/offer/wp-content/uploads/2015/05/infibeam1.jpg,1
106.76.59.23,19,https://paytm.com:443/offer/wp-content/uploads/2014/12/jquery.sliderPro.min_.js,1
106.76.59.23,19,https://paytm.com:443/offer/wp-content/plugins/contact-form-7/includes/js/jquery.form.min.js?ver=3.51.0-2014.06.20,1
107.167.99.210,29,https://paytm.com:443/offer/wp-content/uploads/2015/05/jabong.jpg,2
107.167.99.210,29,https://paytm.com:443/offer/wp-content/plugins/owl-carousel/css/owl.theme.css?ver=4.2.2,2
112.133.233.131,29,https://paytm.com:443/shop,2
115.241.57.102,34,https://paytm.com:443/shop/orderdetail/1117914001?channel=web&version=2,1
116.202.38.91,34,https://paytm.com:443/papi/nps/merchantrating?merchant_id=22296&channel=web&version=2,1
117.201.119.66,35,https://paytm.com:443/shop/wallet/balance,1
117.202.44.156,35,https://paytm.com:443/shop/authresponse?code=12589084-e361-4287-bf21-a13a31bc0623&state=null,1
117.242.96.43,37,https://paytm.com:443/offer/wp-content/uploads/2015/07/meruwer_1.jpg,1
118.102.239.85,39,https://paytm.com:443/shop/p/samsung-galaxy-s6-32-gb-black-sapphire-CMPLXMOBSAMSUNG-GALADUMM141D7ADD239,1
122.163.31.24,47,https://paytm.com:443/brands/wp-content/plugins/wonderplugin-carousel/engine/wonderplugincarouselskins.js?ver=3.8,1
122.172.145.77,49,https://paytm.com:443/offer/wp-content/plugins/contact-form-7/includes/js/scripts.js?ver=4.0.3,1
122.178.168.147,50,https://paytm.com:443/shop/login?isIframe=true&theme=mp-web,1
14.97.243.30,54,https://paytm.com:443/,2
167.219.48.10,57,https://paytm.com:443/offer/wp-content/uploads/2015/07/eoss_620x443.jpg,1
202.164.25.5,65,https://paytm.com:443/offer/wp-content/plugins/easy-logo-slider/css/style-admin.css?ver=4.2.2,1
202.164.25.5,65,https://paytm.com:443/offer/wp-content/plugins/wp-image-slider-with-lightbox/js/slider-plus-lightbox-js.js?ver=4.2.2,1
202.164.25.5,66,https://paytm.com:443/blog/wp-content/uploads/2015/06/Et-tech-article_post.jpg,1
203.176.112.109,69,http://www.paytm.com:80/,1
203.176.112.109,71,https://paytm.com:443/papi/nps/merchantrating?merchant_id=25044&channel=web&version=2,1
220.227.178.195,80,https://paytm.com:443/api/v1/expresscart/checkout?wallet=1,1
49.204.210.27,83,https://paytm.com:443/266x346null.webp,1
1.39.62.163,6,https://paytm.com:443/papi/v1/promosearch/product/10093294/offers?parent_id=251532&price=419&channel=web&version=2,1
101.60.224.9,8,https://paytm.com:443/shop/wallet/txnhistory?page_size=10&page_number=0,1
103.51.94.183,10,https://paytm.com:443/papi/v1/promosearch/product/2841436/offers?parent_id=6816299&price=899&channel=web&version=2,2
106.221.152.198,11,https://paytm.com:443/offer/wp-content/themes/twentytwelve/style.css?ver=4.2.2,1
111.93.187.22,13,https://paytm.com:443/offer/wp-content/plugins/owl-carousel/css/owl.theme.css?ver=4.2.2,1
115.245.42.176,15,https://paytm.com:443/papi/rr/products/14812145/statistics?channel=web&version=2,1
115.250.23.90,19,https://paytm.com:443/shop/cart,1
116.202.239.22,20,https://paytm.com:443/offer/wp-content/plugins/wp-responsive-slider-with-lightbox/js/images-responsive-thumbnail-slider-plus-lightbox-jc.js?ver=4.2.2,1
117.240.224.93,30,https://paytm.com:443/papi/v1/expresscart/verify,1
120.59.229.209,31,https://paytm.com:443/papi/nps/merchantrating?merchant_id=74457&channel=web&version=2,1
125.22.111.2,34,https://paytm.com:443/,1
14.141.80.229,37,https://paytm.com:443/shop/action,1
163.47.15.120,38,https://paytm.com:443/favicon.ico,1
202.133.55.160,46,https://paytm.com:443/shop/cart?channel=web&version=2,1
203.129.223.196,52,https://paytm.com:443/shop/v1/frequentorders?channel=web&version=2,1
203.199.240.173,54,https://paytm.com:443/shop/v1/frequentorders?channel=web&version=2,1
223.30.13.110,58,https://paytm.com:443/papi/v1/promosearch/product/16466387/offers?parent_id=0&price=249&channel=web&version=2,1
49.205.144.196,68,https://paytm.com:443/offer/wp-content/uploads/2015/07/logo51.gif,1
49.205.144.196,68,https://paytm.com:443/offer/wp-content/uploads/2015/07/shopping14.gif,1
49.205.144.196,68,https://paytm.com:443/offer/wp-content/plugins/easy-logo-slider/css/style-admin.css?ver=4.2.2,1
70.39.185.247,68,https://paytm.com:443/offer/wp-content/plugins/wonderplugin-carousel/engine/wonderplugincarousel.js?ver=3.8,1
70.39.185.247,68,https://paytm.com:443/offer/wp-includes/js/jquery/ui/dialog.min.js?ver=1.11.4,1
1.38.19.173,1,https://paytm.com:443/shop/login?isIframe=true&theme=mp-web,1
101.59.239.157,9,https://paytm.com:443/,1
103.21.232.23,16,https://paytm.com:443/shop/user/address?channel=web&version=2,1
106.76.7.129,21,https://paytm.com:443/shop/cart,1
117.205.160.216,40,https://paytm.com:443/offer/wp-content/plugins/wp-awesome-faq/accordion.js?ver=1,1
117.211.24.134,40,https://paytm.com:443/shop/cart?channel=web&version=2,1
117.253.216.206,43,https://paytm.com:443/styles/app.css,1
121.243.8.100,47,https://paytm.com:443/shop/p/fuchsia-purple-delight-top-size-m-WTOPSS000FSTU113FCPPMM,1
122.172.198.255,51,https://paytm.com:443/papi/nps/merchantrating?merchant_id=22947&channel=web&version=2,1
122.176.94.35,51,https://paytm.com:443/shop/orderdetail/1116516624?channel=web&version=2,1
122.179.85.57,51,https://paytm.com:443/offer/wp-content/plugins/easy-logo-slider/css/jcarouselresponsive.css?ver=4.2.2,2
122.252.230.133,52,https://paytm.com:443/offer/wp-content/plugins/owl-carousel/css/styles.css?ver=4.2.2,1
180.151.35.239,67,https://paytm.com:443/shop/ad/paytmAd?cat=DataCard&op=MTS%20MBlaze&paytm=new,2
180.151.35.239,67,https://paytm.com:443/online-mts-mblaze-recharge.htm,1
180.188.243.25,68,https://paytm.com:443/offer/wp-content/plugins/image-slider-responsive/js/jquery.flexslider-min.js?ver=4.2.2,1
182.65.105.251,71,https://paytm.com:443/shop/cart?channel=web&version=2,1
27.251.220.186,90,https://paytm.com:443/shop/orderdetail/1096341637?actions=1&channel=web&version=2,3
59.91.156.56,97,https://paytm.com:443/shop/cart,2
59.95.242.14,99,https://paytm.com:443/offer/wp-content/plugins/wc-gallery/includes/js/flexslider/flexslider.css?ver=2.2.0,1
8.37.226.218,101,https://paytm.com:443/settings,1
8.37.226.239,102,https://paytm.com:443/offer/wp-content/plugins/wc-gallery/includes/js/flexslider/flexslider.css?ver=2.2.0,1
82.145.210.234,102,https://paytm.com:443/offer/wp-content/plugins/wonderplugin-carousel/engine/wonderplugincarouselskins.js?ver=3.8,1
82.145.210.234,102,https://paytm.com:443/offer/wp-content/uploads/2015/05/justeat.jpg,1
1.23.110.113,2,https://paytm.com:443/shop/cart?channel=web&version=2,1
101.56.106.97,5,https://paytm.com:443/offer/wp-content/plugins/wp-awesome-faq/accordion.js?ver=1,1
101.60.160.90,5,https://paytm.com:443/offer/wp-content/plugins/wp-social-sharing/static/socialshare.js?ver=1.3,1
103.252.192.4,7,https://paytm.com:443/offer/wp-content/plugins/easy-logo-slider/js/jcarousel.responsive.js?ver=4.2.2,1
106.219.22.242,8,https://www.paytm.com:443/,1
106.78.244.193,10,https://paytm.com:443/offer/wp-content/uploads/2015/05/zovi_iq.jpg,1
112.79.35.2,24,https://paytm.com:443/offer/wp-content/plugins/wc-gallery/includes/css/style.css?ver=1.26,1
113.193.153.248,25,https://paytm.com:443/offer/wp-includes/js/jquery/ui/core.min.js?ver=1.11.4,1
113.193.153.248,25,https://paytm.com:443/offer/wp-includes/js/jquery/ui/button.min.js?ver=1.11.4,1
115.250.1.179,27,https://paytm.com:443/,1
117.239.62.19,38,https://paytm.com:443/shop/cart?channel=web&version=2,1
120.56.200.51,40,https://paytm.com:443/papi/v1/expresscart/verify,1
122.162.168.76,42,https://paytm.com:443/papi/v1/promosearch/product/16607860/offers?parent_id=16607863&price=12399&channel=web&version=2,1
124.124.199.162,44,https://paytm.com:443/shop/v1/frequentorders?channel=web&version=2,3
135.245.168.36,47,https://paytm.com:443/,1
164.164.42.2,54,https://paytm.com:443/offer/wp-includes/js/jquery/ui/accordion.min.js?ver=1.11.4,1
54.251.151.39,72,https://paytm.com:443/shop,108
70.39.184.155,82,https://paytm.com:443/contact,1
1.22.79.142,1,https://paytm.com:443/offers/loreal,1
1.39.15.108,2,https://paytm.com:443/shop/cart,1
106.201.235.47,10,https://paytm.com:443/shop/cart,1
106.212.112.110,10,https://paytm.com:443/api/v1/expresscart/checkout?wallet=1,1
106.212.112.110,10,https://paytm.com:443/shop/cart?channel=web&version=2,2
106.78.3.54,11,https://paytm.com:443/shop/h/women,1
107.167.107.45,13,https://paytm.com:443/,2
111.91.77.212,25,https://paytm.com:443/offer/wp-content/plugins/wp-responsive-slider-with-lightbox/js/l-box-js.js?ver=4.2.2,1
112.196.20.203,26,https://paytm.com:443/shop/cart?channel=web&version=2,1
117.199.168.252,31,https://paytm.com:443/266x346null.webp,1
119.226.77.150,40,https://paytm.com:443/papi/v1/promosearch/product/5358326/offers?parent_id=5358739&price=1099&channel=web&version=2,1
122.15.192.82,45,https://paytm.com:443/shop/h/sports-and-health/bicycles-accessories?gclid=CMHbnrn97cYCFUgIvAodV9QG1w,1
122.183.231.132,48,https://paytm.com:443/shop/h/baby-kids-toys?utm_source=affiliate&utm_medium=innovativelead&utm_campaign=innovativelead-generic&utm_term=affiliate-id,1
124.123.165.173,52,https://paytm.com:443/favicon.ico,1
14.139.122.178,55,https://paytm.com:443/offer/wp-includes/js/jquery/ui/core.min.js?ver=1.11.4,1
14.139.217.139,57,https://paytm.com:443/papi/rr/products/10174896/statistics?channel=web&version=2,1
14.139.217.139,58,https://paytm.com:443/shop/cart,3
202.60.63.100,75,https://paytm.com:443/shop/user/address?channel=web&version=2,1
203.147.88.86,78,https://paytm.com:443/offer/wp-content/uploads/2015/07/autom.jpg,1
203.147.88.86,78,https://paytm.com:443/papi/rr/products/5396731/statistics?channel=web&version=2,1
203.147.88.86,78,https://paytm.com:443/offer/wp-content/plugins/wp-social-sharing/static/socialshare.js?ver=1.3,1
223.225.240.110,82,https://paytm.com:443/shop/wallet/balance?channel=web&version=2,1
223.225.241.137,82,https://paytm.com:443/offer/wp-content/plugins/owl-carousel/js/script.js?ver=4.2.2,1
23.235.227.108,82,https://paytm.com:443/papi/rr/products/1890658/statistics?channel=web&version=2,1
37.228.106.46,85,https://paytm.com:443/blog/wp-content/themes/svbtle/style.css,1
49.206.171.100,86,https://paytm.com:443/shop,1
59.177.68.12,86,https://paytm.com:443/offer/wp-content/themes/twentytwelve/js/navigation.js?ver=20140318,1
1.187.251.136,0,https://paytm.com:443/api/v1/expresscart/checkout?wallet=1,1
106.206.154.10,9,https://paytm.com:443/papi/v1/promosearch/product/8222772/offers?parent_id=0&price=899&channel=web&version=2,1
106.218.112.102,9,https://paytm.com:443/,1
106.220.12.97,9,https://paytm.com:443/offer/wp-content/plugins/wp-image-slider-with-lightbox/js/slider-plus-lightbox-js.js?ver=4.2.2,1
112.79.35.84,20,https://paytm.com:443/papi/v1/expresscart/verify,2
115.249.85.162,24,https://paytm.com:443/api/v1/expresscart/checkout?wallet=1,1
117.200.119.183,26,https://paytm.com:443/shop/v1/frequentorders?channel=web&version=2,1
117.223.195.145,26,https://paytm.com:443/papi/nps/merchantrating?merchant_id=22225&channel=web&version=2,1
120.138.116.68,34,https://paytm.com:443/papi/rr/products/15284863/statistics?channel=web&version=2,1
120.138.116.68,34,https://paytm.com:443/shop/orderdetail/1118045701?actions=1&channel=web&version=2,1
122.15.67.98,34,https://paytm.com:443/offer/wp-content/uploads/2015/07/main_sports_health_14jul.jpg,1
124.253.62.77,38,https://paytm.com:443/,1
14.141.106.37,45,https://paytm.com:443/shop/p/rapiddukan-red-georgette-dress-material-APPRAPIDDUKAN-RSUYA3479410F83A9,1
182.69.74.196,54,https://paytm.com:443/papi/nps/merchantrating?merchant_id=40908&channel=web&version=2,1
182.74.88.114,57,https://paytm.com:443/papi/v1/expresscart/verify,2
203.91.213.69,66,https://paytm.com:443/shop/g/men/bags-luggage/men-s-bag-store/c1/bags-and-travel-bags-flat-60-cashback?utm_source=Affiliates&utm_medium=OMG&utm_campaign=OMG&utm_term=420791_,1
203.91.213.69,68,https://paytm.com:443/offer/bookmyshow-wallet-page/,1
59.97.240.80,77,https://paytm.com:443/shop/p/eavan-orange-polyester-dress-CMPLXAPPEAVAN-ORANGEEAVA23959463209DB,1
70.39.186.219,78,https://paytm.com:443/cargo/icons/articles_icon.png,1
103.249.27.152,7,https://paytm.com:443/offer/wp-content/uploads/2015/01/bootstrap.min_.css,1
106.215.166.107,9,https://paytm.com:443/offer/wp-content/uploads/2014/12/examples.css,1
106.215.166.107,9,https://paytm.com:443/offer/wp-content/uploads/2015/07/eoss_620x443.jpg,1
106.216.149.175,9,https://paytm.com:443/papi/v1/promosearch/product/4800864/offers?parent_id=4800886&price=499&channel=web&version=2,1
106.78.28.98,10,https://paytm.com:443/shop/cart,1
112.133.229.15,14,https://paytm.com:443/,2
117.211.138.218,19,https://paytm.com:443/papi/v1/expresscart/verify,1
117.217.90.111,19,https://paytm.com:443/shop/h/electronics?utm_term=1,1
122.172.97.117,28,https://paytm.com:443/offer/wp-includes/js/jquery/ui/draggable.min.js?ver=1.11.4,1
122.179.140.178,28,https://paytm.com:443/offer/wp-content/plugins/image-slider-responsive/js/jquery.flexslider-min.js?ver=4.2.2,1
122.179.140.178,28,https://paytm.com:443/offer/wp-content/uploads/2015/07/autom.jpg,1
122.252.247.80,31,https://paytm.com:443/offer/wp-content/plugins/logo-slider/lgs_jquery.cycle2.js?ver=4.2.2,1
122.252.247.80,31,https://paytm.com:443/offer/wp-content/plugins/contact-form-7/includes/js/jquery.form.min.js?ver=3.51.0-2014.06.20,1
182.64.68.45,43,https://paytm.com:443/api/v1/expresscart/checkout?wallet=1,1
192.55.79.166,44,https://paytm.com:443/shop/v1/frequentorders?channel=web&version=2,2
198.208.209.36,46,https://paytm.com:443/shop/authresponse?code=04adf940-987a-4970-8180-41317d86cfb5&state=null,1
203.197.241.34,54,https://paytm.com:443/papi/rr/products/9482965/statistics?channel=web&version=2,1
210.212.46.161,60,https://paytm.com:443/offer/wp-content/themes/twentytwelve/style.css?ver=4.2.2,1
223.30.202.242,62,https://paytm.com:443/,2
27.6.176.122,63,https://paytm.com:443/shop,1
49.204.159.168,65,https://paytm.com:443/offer/wp-content/plugins/wp-image-slider-with-lightbox/js/jquery.lbox.min.js?ver=4.2.2,1
54.169.192.103,68,https://paytm.com:443/shop/p/intex-cloud-n-black-MOBINTEX-CLOUD-GOLY246991D158E7,1
54.169.192.103,68,https://paytm.com:443/shop/p/htc-desire-526g-plus-black-MOBHTC-DESIRE-5DUMM141ED5D628E_26787,1
54.169.192.103,68,https://paytm.com:443/shop/p/samsung-galaxy-grand-neo-plus-black-MOBSAMSUNG-GALASK-R30876B7F3FC9,1
54.169.192.103,68,https://paytm.com:443/shop/p/sony-xperia-e3-copper-SONY_XPERIAE3SS_4GB_COPPER_35773,1
54.169.192.103,68,https://paytm.com:443/shop/p/apple-ipad-air-2-wi-fi-64-gb-tablet-space-grey-MOBAPPLE-IPAD-AMOBI200573B9A9D3E,1
54.169.192.103,69,https://paytm.com:443/shop/p/samsung-galaxy-grand-neo-gt-i9060-black-MOBSAMSUNG-GALASANJ5052715C3D36B,1
54.169.192.103,70,https://paytm.com:443/shop/p/apple-iphone-6-plus-16-gb-silver-APPLE_IPHONE6PLUS_16GB_SILVER_25520,1
54.169.192.103,71,https://paytm.com:443/shop/p/dell-inspiron-3542-laptop-4th-gen-intel-core-i3-4gb-ddr3-500gb-15-6-inch-ubuntu-blue-DELL_3542_4GB_BLUE_26300,1
54.169.192.103,71,https://paytm.com:443/shop/p/nokia-lumia-630-single-sim-yellow-NOKIA_630SINGLE_8GB_YELLOW_20213,1
54.86.75.147,74,https://paytm.com:443/shop/g/paytm-home/deals-in-home-kitchen/bean-bags-flat-35-cashback,1
103.31.189.46,5,https://paytm.com:443/offer/wp-content/plugins/wp-awesome-faq/jquery-ui.css?ver=4.2.2,1
106.220.175.255,5,https://paytm.com:443/papi/v1/promosearch/product/16220929/offers?parent_id=14507810&price=524&channel=web&version=2,1
106.51.82.117,5,https://paytm.com:443/shop/action,1
116.50.59.180,11,https://paytm.com:443/shop/cart/checkout?channel=web&version=2,1
116.50.59.180,13,https://paytm.com:443/scripts/web/services/paytmService.js,1
117.220.51.28,18,https://paytm.com:443/shop/cart?channel=web&version=2,1
117.222.43.157,18,https://paytm.com:443/offer/wp-content/plugins/wonderplugin-carousel/engine/wonderplugincarouselskins.js?ver=3.8,1
117.222.43.157,18,https://paytm.com:443/offer/wp-content/plugins/really-simple-facebook-twitter-share-buttons/style.css?ver=4.2.2,1
117.223.191.195,18,https://paytm.com:443/shop/orderdetail/1117848522,1
150.242.21.84,35,https://paytm.com:443/shop/cart,3
151.88.22.10,35,https://paytm.com:443/shop/wallet/filteredUsertxnHistory,1
168.235.197.240,38,https://paytm.com:443/offer/wp-content/plugins/contact-form-7/includes/css/styles.css?ver=4.0.3,1
182.69.110.78,42,https://paytm.com:443/offer/wp-content/plugins/owl-carousel/css/owl.carousel.css?ver=4.2.2,1
202.41.10.3,47,https://paytm.com:443/offer/wp-content/plugins/wp-image-slider-with-lightbox/js/jquery.lbox.min.js?ver=4.2.2,1
202.41.10.3,47,https://paytm.com:443/offer/wp-content/plugins/wp-social-sharing/static/socialshare.css?ver=1.3,1
202.41.3.20,49,https://paytm.com:443/offer/wp-content/plugins/contact-form-7/includes/css/styles.css?ver=4.0.3,1
220.227.247.102,56,https://paytm.com:443/offer/wp-content/plugins/really-simple-facebook-twitter-share-buttons/images/facebook-share.png,1
101.57.114.10,4,https://paytm.com:443/shop/cart?channel=web&version=2,1
103.226.202.250,6,https://paytm.com:443/offer/wp-content/uploads/2014/12/examples.css,1
115.244.211.244,24,https://paytm.com:443/papi/v1/promosearch/product/15281603/offers?parent_id=null,1
117.196.179.119,26,https://paytm.com:443/papi/v1/promosearch/product/9362831/offers?parent_id=9362881&price=375&channel=web&version=2,2
117.197.151.206,26,https://paytm.com:443/offer/wp-content/plugins/wonderplugin-carousel/engine/wonderplugincarouselskins.js?ver=3.8,1
117.197.151.206,26,https://paytm.com:443/offer/wp-content/plugins/owl-carousel/js/script.js?ver=4.2.2,1
117.199.212.146,26,https://paytm.com:443/shop/cart?channel=web&version=2,1
117.199.212.224,26,https://paytm.com:443/offer/wp-content/plugins/wp-image-slider-with-lightbox/css/slider-plus-lightbox-style.css?ver=4.2.2,1
117.210.185.45,26,https://paytm.com:443/shop/orderdetail/1092425034?actions=1&channel=web&version=2,1
117.215.92.151,26,https://paytm.com:443/shop/nps-feedback?utm_source=order&utm_medium=email&utm_campaign=nps&orderid=1094227807&category=npsFeedback-marketplace&response=9,1
117.215.92.151,26,https://paytm.com:443/shop/cart,1
117.239.224.160,27,https://paytm.com:443/offer/wp-content/plugins/wc-gallery/includes/css/magnific-popup.css?ver=0.9.9,1
117.247.125.91,28,https://paytm.com:443/online-mts-mblaze-recharge.htm,1
119.82.109.70,28,https://paytm.com:443/papi/nps/merchantrating?merchant_id=20271&channel=web&version=2,1
122.163.41.200,31,https://paytm.com:443/papi/v1/promosearch/product/16395706/offers?parent_id=16395709&price=8000&channel=web&version=2,1
122.180.186.55,33,https://paytm.com:443/,1
122.181.10.194,33,https://paytm.com:443/shop/login?isIframe=true&theme=mp-web,1
14.139.209.3,38,https://paytm.com:443/shop/cart?channel=web&version=2,1
202.167.250.51,54,https://paytm.com:443/shop/wallet/txnhistory?page_size=10&page_number=0&channel=web&version=2,1
202.65.158.178,60,https://paytm.com:443/offer/wp-includes/js/jquery/ui/button.min.js?ver=1.11.4,1
202.65.158.178,60,https://paytm.com:443/offer/wp-includes/js/jquery/ui/core.min.js?ver=1.11.4,1
37.228.107.49,65,https://paytm.com:443/offer/wp-content/plugins/logo-slider/lgs_jquery.cycle2.js?ver=4.2.2,1
43.225.170.190,66,https://paytm.com:443/shop/cart?channel=web&version=2,2
49.202.108.137,67,https://paytm.com:443/offer/wp-content/plugins/wp-responsive-slider-with-lightbox/js/l-box-js.js?ver=4.2.2,1
78.40.124.16,82,http://paytm.com:80/,1
1.39.80.2,5,https://paytm.com:443/images/greyStar.png,1
110.172.156.118,17,https://paytm.com:443/shop/orderdetail/1118080302,1
115.250.77.30,20,https://paytm.com:443/offer/wp-content/uploads/2015/07/julqw.jpg,1
115.250.77.30,20,https://paytm.com:443/shop/p/style-amaze-blue-georgette-semi-stitched-suit-APPSTYLE-AMAZE-STYL36058F8EAC345,1
117.214.55.250,23,https://paytm.com:443/shop/g/home-kitchen/the-home-store/home-and-kitchen/premium-bedsheets-flat-50-cashback,1
122.172.88.204,24,https://paytm.com:443/shop/p/alcatel-one-touch-j636d%20-black-CMPLXALCATEL_ONETOUCHJ636DPLUS_4GB_BLACK?utm_source=Affiliates&utm_medium=Paritycube&utm_campaign=Paritycube,1
14.139.242.99,33,https://paytm.com:443/papi/v1/promosearch/product/6936587/offers?parent_id=6936602&price=999&channel=web&version=2,1
182.74.27.50,49,https://paytm.com:443/shop/login?isIframe=true&theme=mp-web,1
183.83.149.195,50,https://paytm.com:443/shop/orderhistory/search?pagesize=10&key=&type=recharge&channel=web&version=2,1
203.99.195.235,63,https://paytm.com:443/shop/authresponse?code=e8026993-b097-4068-9367-c6b79e6de80a&state=null,1
220.226.187.132,63,https://paytm.com:443/offer/wp-includes/js/jquery/ui/core.min.js?ver=1.11.4,1
220.226.187.132,63,https://paytm.com:443/offer/wp-content/uploads/2015/07/cc.png,1
220.227.124.122,65,https://paytm.com:443/shop/g/automotive/the-automotive-store/40-cashback-on-helmets?gclid=Cj0KEQjw27etBRDA3-ux4p3c58EBEiQAkJzTAEUNReYuoC2hUGR6epx78BDE06ZMrJ-PFWBc1PmRvsoaAp-v8P8HAQ,1
220.227.59.2,66,https://paytm.com:443/offer/wp-content/plugins/wonderplugin-carousel/engine/wonderplugincarousel.js?ver=3.8,1
220.227.59.2,66,https://paytm.com:443/offer/wp-content/uploads/2015/07/ggg.jpg,1
223.30.82.66,67,https://paytm.com:443/shop/v1/frequentorders?channel=web&version=2,3
49.249.223.103,87,https://paytm.com:443/shop/cart,2
59.178.153.35,88,https://paytm.com:443/offer/wp-content/uploads/2015/07/ggg.jpg,1
106.77.118.42,26,https://paytm.com:443/shop/app/user-preferences?sso_token=42aa21d5-5bc0-4962-a225-7d411b8ce560&deviceIdentifier=samsung-GT-S7262-359632050797577&deviceManufacturer=samsung&deviceName=GT-S7262&client=androidapp&version=4.4.1&token=a759d86a-ca7d-4c05-b476-dcf7f8a0c348,1
107.167.107.242,27,https://paytm.com:443/offer/wp-content/plugins/wp-awesome-faq/jquery-ui.css?ver=4.2.2,1
107.167.107.242,27,https://paytm.com:443/offer/wp-content/plugins/images-thumbnail-sliderv1/js/jc.js?ver=4.2.2,1
115.184.241.154,32,https://paytm.com:443/shop/orderdetail/1117923772?channel=web&version=2,1
115.245.42.214,32,https://paytm.com:443/shop/orderhistory?pagesize=10&channel=web&version=2,2
14.139.246.25,52,https://paytm.com:443/offer/wp-content/plugins/easy-logo-slider/css/jcarouselresponsive.css?ver=4.2.2,2
14.139.57.180,55,https://paytm.com:443/offer/wp-content/themes/twentytwelve/style.css?ver=4.2.2,1
164.100.97.125,61,https://paytm.com:443/shop/summary/1116558127,1
210.212.230.197,73,https://paytm.com:443/shop/v1/frequentorders?channel=web&version=2,2
59.99.209.123,86,https://paytm.com:443/shop/login?isIframe=true&theme=mp-web,1
80.235.135.120,94,https://paytm.com:443/papi/nps/merchantrating?merchant_id=31398&channel=web&version=2,1
103.227.98.119,8,https://paytm.com:443/offer/wp-content/uploads/2015/07/qas.jpg,1
103.242.234.129,12,https://paytm.com:443/shop/h/electronics/camera,1
103.52.124.35,13,https://paytm.com:443/,1
106.206.152.0,13,https://paytm.com:443/offer/wp-content/uploads/2014/12/slider-pro.min_.css,1
106.215.143.94,13,https://paytm.com:443/bus-tickets?webview=1&client=androidapp&version=4.4.3,1
117.194.13.117,29,https://paytm.com:443/papi/nps/merchantrating?merchant_id=28962&channel=web&version=2,1
117.219.150.154,30,https://paytm.com:443/papi/v1/promosearch/product/13341347/offers?parent_id=13341663&price=2795&channel=web&version=2,1
121.241.16.178,30,https://paytm.com:443/offer/wp-includes/js/jquery/ui/mouse.min.js?ver=1.11.4,1
122.167.84.128,35,https://paytm.com:443/api/oauth2/user/clients?channel=web&version=2,1
122.175.166.92,37,https://paytm.com:443/papi/rr/products/10242041/statistics?channel=web&version=2,1
123.63.238.193,40,https://paytm.com:443/offer/wp-content/plugins/contact-form-7/includes/js/scripts.js?ver=4.0.3,1
168.235.194.211,46,https://paytm.com:443/offer/wp-content/plugins/wp-thumbnail-slider/css/wpt-slide.css?ver=4.2.2,1
182.64.159.222,55,https://paytm.com:443/offer/wp-content/uploads/2015/07/ledq.jpg,1
202.140.36.33,58,https://paytm.com:443/papi/nps/merchantrating?merchant_id=20099&channel=web&version=2,1
27.54.172.206,69,https://paytm.com:443/shop/wallet/balance?channel=web&version=2,1
49.202.37.178,82,https://paytm.com:443/shop/cart,1
49.206.145.26,82,https://paytm.com:443/shop/v1/frequentorders?channel=web&version=2,2
61.16.242.226,83,https://paytm.com:443/shop/orderdetail/1116538446?channel=web&version=2,1
1.39.12.242,3,https://paytm.com:443/offer/wp-content/uploads/2015/05/tastykhana.jpg,1
103.37.201.44,11,https://paytm.com:443/papi/nps/merchantrating?merchant_id=27996&channel=web&version=2,1
107.167.108.96,18,https://paytm.com:443/blog/wp-content/themes/svbtle/style.css,1
116.202.38.112,28,https://paytm.com:443/papi/nps/merchantrating?merchant_id=20344&channel=web&version=2,1
116.203.74.110,29,https://paytm.com:443/offer/wp-content/plugins/wp-awesome-faq/jquery-ui.css?ver=4.2.2,1
157.83.125.12,51,https://paytm.com:443/offer/wp-content/plugins/owl-carousel/js/owl.carousel.js?ver=4.2.2,1
183.87.227.11,58,https://paytm.com:443/offer/wp-content/themes/twentytwelve/js/navigation.js?ver=20140318,1
194.205.13.211,59,https://paytm.com:443/images/greyStar.png,1
202.88.226.140,60,https://paytm.com:443/shop/summary/1117923894,1
208.185.48.23,63,https://paytm.com:443/offer/wp-content/themes/twentytwelve/style.css?ver=4.2.2,1
27.4.53.166,68,https://paytm.com:443/shop/authresponse?code=9e927ec8-c30b-45a1-9c77-a21857830462&state=null,1
59.163.76.173,76,https://paytm.com:443/papi/rr/products/16408778/statistics?channel=web&version=2,1
59.98.83.72,80,https://paytm.com:443/papi/v1/promosearch/product/5357832/offers?parent_id=13307055&price=775&channel=web&version=2,1
1.187.230.209,0,https://paytm.com:443/offer/wp-content/plugins/wp-thumbnail-slider/js/wpt-js.js?ver=4.2.2,1
1.187.230.209,0,https://paytm.com:443/offer/wp-includes/js/jquery/ui/dialog.min.js?ver=1.11.4,1
101.62.223.67,10,http://www.paytm.com:80/,1
101.63.154.119,10,https://paytm.com:443/shop/orderdetail/1118045782?channel=web&version=2,2
103.14.125.146,10,https://paytm.com:443/shop/wallet/txnhistory?page_size=10&page_number=0&channel=web&version=2,2
103.2.81.36,11,https://paytm.com:443/offer/wp-content/uploads/2015/07/bedlinen.jpg,1
106.215.168.86,17,https://paytm.com:443/shop/cart?channel=web&version=2,1
106.215.168.86,17,https://paytm.com:443/shop/ad/paytmAd?cat=Mobile&op=Airtel&paytm=new,1
107.167.108.107,20,https://paytm.com:443/offer/wp-content/plugins/image-slider-responsive/css/flexslider.css?ver=4.2.2,1
107.167.108.107,21,https://paytm.com:443/offer/wp-content/plugins/wp-image-slider-with-lightbox/css/slider-plus-lightbox-style.css?ver=4.2.2,1
117.192.217.142,31,https://paytm.com:443/offer/wp-includes/js/jquery/ui/dialog.min.js?ver=1.11.4,1
117.192.217.142,31,https://paytm.com:443/shop/summary/1116558232,1
117.199.19.195,31,https://paytm.com:443/papi/rr/products/7578728/statistics?channel=web&version=2,1
117.199.19.195,31,https://paytm.com:443/offer/wp-includes/js/masonry.min.js?ver=3.1.2,1
117.199.19.195,31,https://paytm.com:443/offer/wp-content/plugins/wp-responsive-slider-with-lightbox/css/images-responsive-thumbnail-slider-plus-lighbox-style.css?ver=4.2.2,1
118.102.193.242,34,https://paytm.com:443/papi/v1/promosearch/product/10362264/offers?parent_id=0&price=500&channel=web&version=2,1
122.172.95.22,37,https://paytm.com:443/offer/wp-content/plugins/really-simple-facebook-twitter-share-buttons/images/specificfeeds_follow.png,1
14.141.164.70,42,https://paytm.com:443/?utm_medium=affiliate&utm_source=Netcore_mailer&utm_campaign=ElectronicSale-20072015&utm_term=aff3-E,2
182.19.18.26,53,https://paytm.com:443/,5
182.48.196.5,53,https://paytm.com:443/shop?utm_source=affiliates&utm_medium=icubeswire&utm_campaign=icubeswire&utm_term=4222,1
182.74.172.82,58,https://paytm.com:443/shop?utm_source=affiliates&utm_medium=icubeswire&utm_campaign=icubeswire&utm_term=10480,1
27.118.35.30,83,https://paytm.com:443/shop/h/electronics/home-appliances,1
1.38.23.97,2,https://paytm.com:443/shop/cart?channel=web&version=2,1
101.57.73.199,7,https://paytm.com:443/papi/rr/products/10426234/statistics?channel=web&version=2,1
103.7.128.98,15,https://paytm.com:443/papi/nps/merchantrating?merchant_id=32817&channel=web&version=2,2
106.51.126.116,17,https://paytm.com:443/shop/v1/frequentorders?channel=web&version=2,1
106.51.243.36,17,https://paytm.com:443/papi/v1/promosearch/product/6545135/offers?parent_id=0&price=1759&channel=web&version=2,1
113.193.104.197,26,https://paytm.com:443/papi/v1/expresscart/verify,1
115.241.72.73,28,https://paytm.com:443/,1
117.228.115.166,30,https://paytm.com:443/offer/wp-content/uploads/2015/01/style.css,1
119.82.77.162,34,https://paytm.com:443/papi/nps/merchantrating?merchant_id=23952&channel=web&version=2,3
119.82.77.162,34,https://paytm.com:443/shop/summary/1116229865,1
128.185.15.155,40,https://paytm.com:443/shop/log,1
168.235.196.199,56,https://paytm.com:443/offer/wp-includes/js/jquery/ui/dialog.min.js?ver=1.11.4,1
202.131.125.82,62,https://paytm.com:443/shop/g/electronics/kitchen-appliances/kitchen-appliances-store/c1/fans-flat-40-off,1
220.225.73.194,68,https://paytm.com:443/,1
23.236.125.171,68,https://paytm.com:443/logout,4
27.124.7.172,72,https://paytm.com:443/images/greyStar.png,1
49.203.104.180,79,https://paytm.com:443/shop/cart?channel=web&version=2,1
54.169.20.106,80,https://paytm.com:443/shop/p/apple-iphone-4s-8-gb-black-MOBAPPLE-IPHONEFANA69337C580FBA3,1
54.169.20.106,80,https://paytm.com:443/shop/p/micromax-canvas-xpressa99-8-gb-silver-MOBMICROMAX-CANDUMM1415AB11496_26205,1
54.169.20.106,81,https://paytm.com:443/shop/p/huawei-e8221s-1-3g-data-card-HUAWEI_E8221S-1_NULL_BLACK_21501,1
54.169.20.106,81,https://paytm.com:443/shop/p/nokia-lumia-630-single-sim-white-NOKIA_630SINGLE_8GB_WHITE_22420,1
54.169.20.106,82,https://paytm.com:443/shop/p/sony-mdr-xb30exwcin-extra-bass-stereo-in-the-ear-headphone-white-SONY_MDRXB30EXWCIN_NULL_WHITE_39785,1
54.169.20.106,82,https://paytm.com:443/shop/p/sony-xperia-e4g-dual-sim-white-MOBSONY-XPERIA-DUMM141ADFC299D_31022,1
54.169.20.106,82,https://paytm.com:443/shop/p/sony-xperia-z3-compact-orange-CMPLXMOBSONY-XPERIA-USBE333225212493,1
54.169.20.106,82,https://paytm.com:443/shop/p/nokia-225-black-NOKIA_225_NULL_BLACK_20055,1
54.169.20.106,82,https://paytm.com:443/shop/p/nikon-coolpix-l840-16-mp-advanced-point-shoot-camera-plum-CAMNIKON-COOLPICAMY32879767E7817,1
54.169.20.106,83,https://paytm.com:443/shop/p/micromax-32t7250-32-inch-led-tv-hd-ready-LARMICROMAX-32TQUAL35922A1222057,1
54.169.20.106,83,https://paytm.com:443/shop/p/karbonn-android-one-sparkle-v-white-KARBONN_SPARKLEV_4GB_WHITE_34629,1
54.169.20.106,83,https://paytm.com:443/shop/p/lenovo-a7-30-8-gb-black-MOBLENOVO-A7-30AQUB279159CEDE634,1
54.169.20.106,83,https://paytm.com:443/shop/p/apple-iphone-6-64-gb-space-grey-APPLE_IPHONE6_64GB_SPACEGREY_22140,1
54.169.20.106,83,https://paytm.com:443/shop/p/lg-24lb452a-24-inch-led-tv-hd-ready-LARLG-24LB452A-ELEC3184571E5AB07,1
54.169.20.106,83,https://paytm.com:443/shop/p/sony-xperia-t2-ultra-white-MOBSONY-XPERIA-SK-R30876F02A3C92,1
54.169.20.106,83,https://paytm.com:443/shop/p/intex-aqua-speed-black-MOBINTEX-AQUA-SDUMM141B9856989_26450,1
64.145.95.149,84,https://shop.paytm.com:443/images/right.png,1
1.22.109.143,0,https://paytm.com:443/shop/cart?channel=web&version=2,1
1.22.109.143,0,https://paytm.com:443/offer/wp-includes/js/jquery/ui/core.min.js?ver=1.11.4,1
1.38.19.34,0,https://paytm.com:443/shop/summary/1115207453,1
106.202.181.49,8,https://paytm.com:443/offer/wp-content/uploads/2015/07/bedlinen.jpg,1
106.206.139.2,8,https://paytm.com:443/shop/cart?channel=web&version=2,1
106.208.216.157,8,https://paytm.com:443/offer/wp-content/plugins/contact-form-7/includes/js/jquery.form.min.js?ver=3.51.0-2014.06.20,1
115.250.45.150,21,https://paytm.com:443/papi/v1/promosearch/product/15283113/offers?parent_id=7493430&price=598&channel=web&version=2,1
116.75.113.213,21,https://paytm.com:443/papi/rr/products/13550407/statistics?channel=web&version=2,1
121.244.145.4,29,https://paytm.com:443/shop/p/eagle-combo-of-roti-maker-with-dough-maker-HOMEAGLE-COMBO-ACME31784661E0041,1
122.167.143.226,31,https://paytm.com:443/offer/wp-content/uploads/2015/07/bedlinen.jpg,1
122.174.129.32,32,https://paytm.com:443/shop/summary/1116626875,1
123.63.192.130,32,https://paytm.com:443/offer/wp-content/uploads/2015/07/cc.png,1
124.155.218.209,32,https://paytm.com:443/papi/nps/merchantrating?merchant_id=25620&channel=web&version=2,1
182.68.178.219,40,https://paytm.com:443/papi/rr/products/10510158/statistics?channel=web&version=2,1
203.145.131.164,49,https://paytm.com:443/shop/cart,4
49.202.103.183,63,https://paytm.com:443/offer?utm_source=Affiliates&utm_medium=OMG&utm_campaign=OMG&utm_term=762154_,1
49.248.71.174,63,https://paytm.com:443/papi/v1/promosearch/product/5034306/offers?parent_id=5034668&price=489&channel=web&version=2,1
59.99.226.167,63,https://paytm.com:443/favicon.ico,1
103.16.69.15,8,https://paytm.com:443/offer/wp-content/uploads/2015/07/bedlinen.jpg,1
103.16.69.15,9,https://paytm.com:443/offer/wp-content/plugins/really-simple-facebook-twitter-share-buttons/style.css?ver=4.2.2,1
115.99.44.225,31,https://paytm.com:443/papi/v1/promosearch/product/2654777/offers?parent_id=1896258&price=4960&channel=web&version=2,1
117.196.123.196,32,https://paytm.com:443/papi/v1/expresscart/verify,1
122.174.209.229,48,https://paytm.com:443/offer/wp-content/plugins/wc-gallery/includes/css/style.css?ver=1.26,1
122.174.209.229,48,https://paytm.com:443/offer/wp-includes/js/jquery/ui/button.min.js?ver=1.11.4,1
125.22.199.13,62,https://paytm.com:443/papi/rr/products/16368102/statistics?channel=web&version=2,1
125.22.199.13,62,https://paytm.com:443/shop/p/jockey-white-cotton-pack-of-6-vest-CMPLXAPPJOCKEY-WHITEBALA6670924924B8,1
125.63.103.53,63,https://paytm.com:443/offer/wp-content/plugins/wc-gallery/includes/js/owlcarousel/assets/owl.carousel.min.css?ver=2.0.0,1
125.63.103.53,63,https://paytm.com:443/offer/wp-content/plugins/owl-carousel/css/styles.css?ver=4.2.2,1
182.19.58.148,72,https://paytm.com:443/offer/wp-content/plugins/wp-responsive-slider-with-lightbox/images/vl-box/loading.gif,1
182.64.88.26,74,https://paytm.com:443/offer/wp-content/plugins/images-thumbnail-sliderv1/css/images-thumbnail-sliderv1-style.css?ver=4.2.2,1
27.147.201.216,82,https://paytm.com:443/papi/nps/merchantrating?merchant_id=21259&channel=web&version=2,1
1.38.19.168,0,https://paytm.com:443/shop/cart,1
101.222.246.81,3,https://paytm.com:443/papi/nps/merchantrating?merchant_id=21810&channel=web&version=2,1
103.22.172.130,9,http://paytm.com:80/?gclid=CNj9u-iS78YCFdgkvQodylsM6A,1
103.245.197.146,13,https://paytm.com:443/papi/v1/expresscart/verify,1
103.249.39.46,15,https://paytm.com:443/shop/cart,3
103.252.27.173,17,https://paytm.com:443/papi/v1/promosearch/product/13834781/offers?parent_id=13834856&price=499&channel=web&version=2,1
117.199.212.75,26,https://paytm.com:443/offer/wp-content/plugins/wc-gallery/includes/css/style.css?ver=1.26,1
117.199.212.75,26,https://paytm.com:443/offer/wp-includes/js/jquery/ui/widget.min.js?ver=1.11.4,1
117.199.212.75,26,https://paytm.com:443/offer/wp-content/plugins/easy-logo-slider/js/jquery.jcarousel.min.js?ver=4.2.2,1
117.243.193.214,27,https://paytm.com:443/offer/wp-content/uploads/2015/07/eoss_620x443.jpg,1
119.226.254.2,27,https://paytm.com:443/papi/nps/merchantrating?merchant_id=47161&channel=web&version=2,1
122.166.229.150,30,https://paytm.com:443/offer/wp-content/plugins/wp-image-slider-with-lightbox/css/jquery.lbox.css?ver=4.2.2,1
123.108.200.235,30,https://paytm.com:443/shop/cart?channel=web&version=2,2
123.201.50.14,30,https://paytm.com:443/offer/wp-content/plugins/image-slider-responsive/js/jquery.flexslider-min.js?ver=4.2.2,1
196.15.16.106,52,https://paytm.com:443/shop/action,1
198.36.94.31,56,https://paytm.com:443/shop/v1/frequentorders?channel=web&version=2,1
203.199.204.178,58,https://paytm.com:443/shop/h/electronics/kitchen-appliances?src=gtr1,1
210.212.210.83,60,https://paytm.com:443/shop/logout?channel=web&version=2,2
223.176.184.35,66,https://paytm.com:443/papi/v1/expresscart/verify,1
223.225.212.137,67,https://paytm.com:443/offer/wp-includes/js/jquery/ui/resizable.min.js?ver=1.11.4,1
49.14.101.169,72,https://paytm.com:443/shop/orderdetail/1116582251?channel=web&version=2,1
1.38.19.77,1,https://paytm.com:443/papi/v1/promosearch/product/17431594/offers?parent_id=0&price=219&channel=web&version=2,1
101.221.134.247,6,https://paytm.com:443/shop/summary/1116224899,1
103.24.111.56,8,https://paytm.com:443/shop/log,1
103.57.142.36,9,https://paytm.com:443/offer/wp-content/uploads/2015/07/bargain.jpg,1
106.219.55.233,9,https://paytm.com:443/offer/wp-content/uploads/2015/02/android_jpg.jpg,1
117.213.68.142,20,https://paytm.com:443/shop/summary/1116530640,1
117.215.207.218,20,https://paytm.com:443/shop/cart?channel=web&version=2,1
117.250.209.21,23,https://paytm.com:443/offer/wp-includes/js/jquery/jquery.masonry.min.js?ver=3.1.2,1
144.76.99.19,33,https://paytm.com:443/papi/v1/promosearch/product/4241112/offers?parent_id=4241283&price=899,1
144.76.99.19,33,https://paytm.com:443/papi/rr/products/10629157/statistics,1
144.76.99.19,34,https://paytm.com:443/papi/rr/products/10818511/statistics,1
164.100.222.9,38,https://paytm.com:443/offer/wp-content/uploads/2015/06/smart_1.jpg,1
168.235.196.74,38,https://paytm.com:443/offer/wp-includes/js/jquery/ui/mouse.min.js?ver=1.11.4,1
168.235.197.178,39,http://paytm.com:80/images/spinner.gif,1
168.235.197.178,41,https://paytm.com:443/offer/wp-includes/js/jquery/ui/dialog.min.js?ver=1.11.4,1
168.235.197.254,43,https://paytm.com:443/offer/wp-content/plugins/wc-gallery/includes/js/owlcarousel/assets/owl.carousel.min.css?ver=2.0.0,1
182.73.65.6,53,https://paytm.com:443/offer/wp-content/plugins/wp-image-slider-with-lightbox/css/slider-plus-lightbox-style.css?ver=4.2.2,1
183.87.54.2,55,https://paytm.com:443/offer/wp-content/uploads/2015/07/meruwer_1.jpg,1
54.169.79.96,62,https://paytm.com:443/shop/p/sony-mdr-xb450-extra-bass-headphones-black-SONY_MDRXB450_NULL_BLACK_35889,1
54.169.79.96,62,https://paytm.com:443/shop/p/micromax-p-480-tablet-blue-MOBMICROMAX-P-4BANS6250434695C5A,1
54.169.79.96,62,https://paytm.com:443/shop/p/apple-iphone-5s-16-gb-space-grey-Apple_IPHONE5S_16GB_SpaceGrey_35611,1
54.169.79.96,63,https://paytm.com:443/shop/p/sony-klv-32r412c-32-inch-led-tv-wxga-LARSONY-KLV-32RBEST400712C96BF7D,1
54.169.79.96,63,https://paytm.com:443/shop/p/wd-my-passport-ultra-1tb-portable-external-hard-drive-WD_WDBZFP0010BBK_NULL_BLACK_169,1
54.169.79.96,63,https://paytm.com:443/shop/p/micromax-canvas-4-a210-white-cmplxmicromax_canvas4a210_16gb_white,1
54.169.79.96,63,https://paytm.com:443/shop/p/samsung-guru-music-2-b310-white-CMPLXSAMSUNG_B310GURUMUSIC2_NULL_WHITE,1
54.169.79.96,63,https://paytm.com:443/shop/p/nokia-lumia-435-orange-CMPLXMOBNOKIA-LUMIA-DUMM1417607600E,1
54.169.79.96,63,https://paytm.com:443/shop/p/nokia-105-black-Nokia_105_8MB_Black_42929,1
54.169.79.96,63,https://paytm.com:443/shop/p/jbl-t100a-wired-in-the-ear-earphone-white-COMJBL-T100A-WIOM-S27755C4DB2AB6,1
54.169.79.96,63,https://paytm.com:443/shop/p/gionee-marathon-m3-black-MOBGIONEE-MARATDMV-35526763B3553_50683,1
54.169.79.96,63,https://paytm.com:443/shop/p/sony-xperia-e4-ds-black-MOBSONY-XPERIA-DUMM141F2352F33_26205,1
54.169.79.96,63,https://paytm.com:443/shop/p/d-link-dsl-2730u-150-mbps-wireless-with-modem-router-black-DLINK_DSL2730U_150MBPS_BLACK_24089,1
60.243.232.236,63,https://paytm.com:443/offer/wp-content/plugins/images-thumbnail-sliderv1/css/images-thumbnail-sliderv1-style.css?ver=4.2.2,1
103.255.146.206,12,https://paytm.com:443/offer/wp-content/uploads/2015/07/offer-page_20jul.jpg,1
103.255.146.206,12,https://paytm.com:443/offer/wp-content/plugins/wp-image-slider-with-lightbox/css/slider-plus-lightbox-style.css?ver=4.2.2,1
103.255.146.206,13,https://paytm.com:443/offer/wp-content/plugins/really-simple-facebook-twitter-share-buttons/images/specificfeeds_follow.png,1
103.255.146.206,13,https://paytm.com:443/offer/wp-includes/js/jquery/ui/button.min.js?ver=1.11.4,1
112.196.144.97,18,https://paytm.com:443/favicon.ico,1
117.203.174.91,23,https://paytm.com:443/shop/cart?channel=web&version=2,1
117.217.146.66,23,https://paytm.com:443/shop?utm_source=Affiliates&utm_medium=OMG&utm_campaign=OMG&utm_term=762154_,1
117.241.81.193,23,https://paytm.com:443/papi/rr/products/10465735/statistics?channel=web&version=2,1
122.180.37.147,26,https://paytm.com:443/api/user/favourite?channel=web&version=2,1
14.97.141.2,39,https://paytm.com:443/,1
180.211.80.176,55,https://paytm.com:443/shop/wallet/txnhistory?page_size=10&page_number=0&channel=web&version=2,1
195.229.241.184,64,https://paytm.com:443/shop/cart?channel=web&version=2,1
37.228.107.114,70,https://paytm.com:443/,1
54.169.79.101,76,https://paytm.com:443/shop/p/samsung-galaxy-a7-gold-MOBSAMSUNG-GALASZON272766305BE7,1
54.169.79.101,76,https://paytm.com:443/shop/p/samsung-galaxy-tab-4-t231-8-gb-tablet-ebony-black-CMPLXMOBSAMSUNG-GALAKH-O21258AD704139,1
54.169.79.101,76,https://paytm.com:443/shop/p/lg-g2-d802-white-LG_G2D802_16GB_White_21193,1
54.169.79.101,76,https://paytm.com:443/shop/p/nokia-108-cyan-CMPLXNokia_108_4MB_Cyan,1
54.169.79.101,77,https://paytm.com:443/shop/p/tp-link-tl-wr740n-wireless-150-mbps-router-white-TPLINK_TLWR740N_150MBPS_WHITE_32714,1
54.169.79.101,77,https://paytm.com:443/shop/p/intex-aqua-y2-1gb-white-MOBINTEX-AQUA-YSARA41439234FB71B,1
54.169.79.101,77,https://paytm.com:443/shop/p/seagate-backup-plus-slim-stdr1000302-1-tb-portable-external-hard-disk-blue-STOSEAGATE-BACKSHAR38964D9FD7F42,1
54.169.79.101,77,https://paytm.com:443/shop/p/samsung-galaxy-e7-blue-MOBSAMSUNG-GALASCPL50426E5E3AE2,1
54.169.79.101,77,https://paytm.com:443/shop/p/intex-aqua-power-hd-white-gold-MOBINTEX-AQUA-PV-TE38303CCE5E1B5,1
54.169.79.101,77,https://paytm.com:443/shop/p/acer-aspire-e3-112-netbook-nx-msrsi-001-4th-gen-intel-celeron-dual-core-2-gb-ram-500-gb-hdd-11-6-inch-win-8-1-blue-LAPACER-ASPIRE-UV-T42175AD89A4A5,1
54.169.79.101,77,https://paytm.com:443/shop/p/d-link-dir-605l-300-mbps-n-300-wireless-router-black-D-LINK_DIR-605L_300MBPS_BLACK_20457,1
54.169.79.101,77,https://paytm.com:443/shop/p/samsung-galaxy-note-4-pink-MOBSAMSUNG-GALAEZZE72736A1DD1FFC,1
54.169.79.101,78,https://paytm.com:443/shop/p/intex-aqua-r2-grey-black-MOBINTEX-AQUA-RSIVA7569736D0CD5A,1
54.169.79.101,79,https://paytm.com:443/shop/p/microsoft-lumia-535-black-MICROSOFT_LUMIA535_8GB_BLACK_20055,1
54.169.79.101,80,https://paytm.com:443/shop/p/sony-cyber-shot-dsc-w800-point-shoot-camera-silver-SONY_DSCW800_NULL_BLACK_184,1
59.89.57.88,84,https://paytm.com:443/offer/wp-content/plugins/wp-awesome-faq/jquery-ui.css?ver=4.2.2,1
59.91.71.62,84,https://paytm.com:443/offer/wp-content/uploads/2014/12/slider-pro.min_.css,1
103.4.125.25,10,https://paytm.com:443/shop/v1/frequentorders?channel=web&version=2,10
106.215.141.162,10,https://paytm.com:443/offer/wp-includes/js/jquery/ui/draggable.min.js?ver=1.11.4,1
106.221.149.51,10,https://paytm.com:443/offer/wp-content/uploads/2015/07/pesoal.jpg,1
115.114.93.114,28,https://paytm.com:443/shop/orderhistory?pagesize=10&channel=web&version=2,5
115.114.93.114,28,https://paytm.com:443/papi/rr/products/11100719/statistics?channel=web&version=2,1
115.118.57.67,29,https://paytm.com:443/papi/rr/products/7162184/statistics?channel=web&version=2,1
115.248.185.237,30,https://paytm.com:443/papi/rr/products/2850985/statistics?channel=web&version=2,1
116.203.236.8,30,https://paytm.com:443/papi/rr/products/16427067/statistics?channel=web&version=2,1
119.82.124.243,34,https://paytm.com:443/offer/wp-content/plugins/owl-carousel/css/owl.theme.css?ver=4.2.2,1
163.47.14.128,45,https://paytm.com:443/shop,1
223.176.17.101,65,https://paytm.com:443/%7B%7B::resourceUrl%7D%7D/images/con-icon.png,1
43.241.122.51,65,https://paytm.com:443/papi/nps/merchantrating?merchant_id=21059&channel=web&version=2,1
49.14.122.40,67,https://paytm.com:443/api/user/favourite?channel=web&version=2,1
1.39.14.178,3,https://paytm.com:443/shop/v1/frequentorders?channel=web&version=2,2
103.242.154.214,4,https://paytm.com:443/papi/v1/promosearch/product/12338384/offers?parent_id=11498625&price=1180&channel=web&version=2,1
107.167.103.202,9,https://paytm.com:443/offer/wp-content/themes/twentytwelve/js/navigation.js?ver=20140318,1
107.167.103.202,9,https://paytm.com:443/offer/wp-content/uploads/2015/07/shopping20.gif,1
107.167.107.34,10,https://paytm.com:443/blog/wp-includes/js/wp-emoji-release.min.js?ver=4.2.2,1
113.193.197.38,13,https://paytm.com:443/papi/nps/merchantrating?merchant_id=77138&channel=web&version=2,3
115.118.232.110,17,https://paytm.com:443/bus-tickets?utm_source=affiliates&utm_medium=dgm&utm_campaign=dgm-generic&utm_term=65666,1
115.250.86.56,17,https://paytm.com:443/shop/wallet/txnhistory?page_size=10&page_number=0,1
116.203.97.176,18,https://paytm.com:443/offer/wp-includes/js/jquery/ui/dialog.min.js?ver=1.11.4,2
116.66.133.28,22,https://paytm.com:443/offer/wp-content/plugins/wp-responsive-slider-with-lightbox/js/images-responsive-thumbnail-slider-plus-lightbox-jc.js?ver=4.2.2,1
117.222.35.184,23,https://paytm.com:443/shop/cart?channel=web&version=2,1
117.234.26.96,23,https://paytm.com:443/shop?utm_source=Affiliates&utm_medium=VCOMM&utm_campaign=VCOMM&utm_term=39172,2
117.249.140.32,23,https://paytm.com:443/shop/cart,2
117.252.133.54,23,https://paytm.com:443/offer/wp-content/plugins/wp-social-sharing/static/socialshare.js?ver=1.3,1
117.252.133.54,23,https://paytm.com:443/offer/wp-content/themes/twentytwelve/style.css?ver=4.2.2,1
117.252.133.54,23,https://paytm.com:443/offer/wp-includes/js/comment-reply.min.js?ver=4.2.2,1
117.253.207.182,24,https://paytm.com:443/papi/rr/products/6902545/statistics?channel=web&version=2,1
122.171.100.97,25,https://paytm.com:443/shop/wallet/txnhistory?page_size=10&page_number=0&channel=web&version=2,2
122.171.100.97,25,https://paytm.com:443/offer/wp-content/plugins/wp-image-slider-with-lightbox/js/jquery.lbox.min.js?ver=4.2.2,1
123.239.72.59,25,https://paytm.com:443/papi/nps/merchantrating?merchant_id=21259&channel=web&version=2,2
128.185.160.202,26,https://paytm.com:443/shop/orderdetail/1116228509?channel=web&version=2,1
14.141.35.242,32,https://paytm.com:443/offer/wp-content/uploads/2015/07/julqw.jpg,1
14.96.39.194,32,https://paytm.com:443/offer/wp-content/plugins/wp-responsive-slider-with-lightbox/js/images-responsive-thumbnail-slider-plus-lightbox-jc.js?ver=4.2.2,1
150.129.178.18,34,https://paytm.com:443/offer/wp-content/uploads/2015/07/shopping21.gif,1
150.129.178.18,34,https://paytm.com:443/offer/wp-content/uploads/2015/07/logo42.gif,1
150.129.178.18,34,https://paytm.com:443/offer/wp-content/uploads/2015/07/cc.png,1
165.225.104.65,35,https://paytm.com:443/shop/v1/frequentorders?channel=web&version=2,1
202.63.98.42,44,https://paytm.com:443/shop/cart?channel=web&version=2,2
210.212.123.12,54,https://paytm.com:443/offer/wp-content/plugins/contact-form-7/includes/js/scripts.js?ver=4.0.3,1
210.89.33.146,56,https://paytm.com:443/offer/wp-content/plugins/wp-image-slider-with-lightbox/js/slider-plus-lightbox-js.js?ver=4.2.2,1
223.187.114.227,58,https://paytm.com:443/papi/v1/promosearch/product/8534211/offers?parent_id=0&price=899&channel=web&version=2,1
49.249.36.12,70,https://paytm.com:443/shop/wallet/txnhistory?page_size=10&page_number=0,1
59.179.71.161,71,https://paytm.com:443/shop/log,3
59.183.15.112,71,https://paytm.com:443/shop/labels?&channel=web&details=1&version=2,1
1.39.34.147,3,https://paytm.com:443/offer/wp-content/plugins/wp-image-slider-with-lightbox/css/slider-plus-lightbox-style.css?ver=4.2.2,1
1.39.34.147,3,https://paytm.com:443/offer/wp-content/plugins/wp-image-slider-with-lightbox/js/jquery.lbox.min.js?ver=4.2.2,1
101.59.88.213,5,https://paytm.com:443/offer/wp-content/uploads/2015/07/eoss_620x443.jpg,1
101.60.255.200,5,https://paytm.com:443/offer/wp-content/plugins/wc-gallery/includes/css/style.css?ver=1.26,1
106.212.169.112,9,https://paytm.com:443/offer/wp-content/plugins/wp-responsive-slider-with-lightbox/css/images-responsive-thumbnail-slider-plus-lighbox-style.css?ver=4.2.2,1
106.51.139.59,9,https://paytm.com:443/offer/wp-content/plugins/wp-thumbnail-slider/js/wpt-js.js?ver=4.2.2,1
106.51.243.117,10,https://paytm.com:443/papi/nps/merchantrating?merchant_id=39379&channel=web&version=2,1
112.79.35.22,19,https://paytm.com:443/offer/wp-content/plugins/contact-form-7/includes/js/scripts.js?ver=4.0.3,1
113.21.79.252,21,https://paytm.com:443/blog/our-new-paytm-wallet-features-are-here-transfer-money-online-or-deposit-cash/?relatedposts=1&relatedposts_exclude=undefined,1
115.124.43.68,23,https://paytm.com:443/shop/cart?channel=web&version=2,1
115.254.29.178,26,https://paytm.com:443/offer/wp-includes/js/masonry.min.js?ver=3.1.2,1
116.197.184.14,26,https://paytm.com:443/papi/nps/merchantrating?merchant_id=20664&channel=web&version=2,3
117.201.59.163,28,https://paytm.com:443/papi/nps/merchantrating?merchant_id=39357&channel=web&version=2,1
117.229.81.193,29,https://paytm.com:443/shop/orderhistory?pagesize=10&channel=web&version=2,1
120.57.145.21,33,https://paytm.com:443/offer/wp-content/plugins/wp-thumbnail-slider/js/wpt-js.js?ver=4.2.2,1
125.16.61.188,39,https://paytm.com:443/offer/wp-content/uploads/2015/07/cc.png,1
155.70.39.45,46,https://paytm.com:443/papi/v1/promosearch/product/14222035/offers?parent_id=14226251&price=999&channel=web&version=2,1
164.100.1.49,48,https://paytm.com:443/,1
183.87.85.26,62,https://paytm.com:443/offer/wp-includes/js/jquery/ui/position.min.js?ver=1.11.4,1
202.83.25.6,65,https://paytm.com:443/shop/authresponse?code=6a3876ae-5224-426a-97d4-9833070473de&state=null,1
203.122.33.226,68,https://paytm.com:443/offer/wp-content/uploads/2015/07/food2.gif,1
203.223.176.65,71,https://paytm.com:443/shop/wallet/txnhistory?page_size=10&page_number=0&channel=web&version=2,1
49.156.148.182,87,https://paytm.com:443/papi/rr/products/14743435/statistics?channel=web&version=2,1
59.177.47.94,95,https://paytm.com:443/papi/nps/merchantrating?merchant_id=71780&channel=web&version=2,1
59.90.24.109,95,https://paytm.com:443/shop/wallet/txnhistory?page_size=10&page_number=0&channel=web&version=2,1
1.39.61.141,2,https://paytm.com:443/,2
103.252.24.99,3,https://paytm.com:443/papi/rr/products/14742866/statistics?channel=web&version=2,1
111.93.6.230,7,https://paytm.com:443/offer/wp-includes/js/jquery/ui/draggable.min.js?ver=1.11.4,1
115.252.47.168,16,https://paytm.com:443/shop/v1/frequentorders?channel=web&version=2,1
117.194.217.16,16,https://paytm.com:443/offer/wp-includes/js/jquery/ui/mouse.min.js?ver=1.11.4,1
117.195.6.239,16,https://paytm.com:443/papi/nps/merchantrating?merchant_id=37904&channel=web&version=2,1
117.197.103.133,16,https://paytm.com:443/shop/action,1
117.253.209.92,18,https://paytm.com:443/shop/cart?channel=web&version=2,1
119.82.73.139,18,https://paytm.com:443/shop/authresponse?code=5adaffe3-674a-44f7-b9fa-dcb6c66d64b5,1
122.168.32.76,20,https://paytm.com:443/offer/wp-includes/js/jquery/ui/mouse.min.js?ver=1.11.4,1
122.180.53.138,28,https://paytm.com:443/offer/wp-content/plugins/images-thumbnail-sliderv1/js/jc.js?ver=4.2.2,1
130.214.64.12,33,https://paytm.com:443/shop/orderhistory?pagesize=10&channel=web&version=2,3
14.139.134.20,33,https://paytm.com:443/offer/wp-content/plugins/easy-logo-slider/js/jcarousel.responsive.js?ver=4.2.2,1
180.151.36.134,42,https://paytm.com:443/shop/cart?channel=web&version=2,3
182.156.51.236,45,https://paytm.com:443/shop/g/electronics/camera/dslr?src=gtr,1
202.140.56.33,55,http://www.paytm.com:80/,1
37.228.105.99,63,https://paytm.com:443/,2
37.228.106.54,64,https://paytm.com:443/styles/app.css,1
49.248.29.18,69,https://paytm.com:443/shop/orderhistory?pagesize=10&channel=web&version=2,1
8.37.225.30,83,https://paytm.com:443/offer/wp-content/plugins/owl-carousel/js/owl.carousel.js?ver=4.2.2,1
1.39.33.254,4,https://paytm.com:443/shop/cart,2
106.216.171.214,16,https://paytm.com:443/shop/ad/paytmAd?cat=bus1&paytm=new,1
110.224.41.45,21,https://paytm.com:443/shop/cart,1
117.201.197.100,29,https://paytm.com:443/shop/cart?channel=web&version=2,1
117.247.166.32,35,https://paytm.com:443/offer/wp-includes/js/jquery/ui/widget.min.js?ver=1.11.4,1
120.58.208.95,41,https://paytm.com:443/offer/wp-content/uploads/2015/01/bootstrap.min_.css,1
120.58.208.95,41,https://paytm.com:443/offer/wp-includes/js/jquery/jquery.masonry.min.js?ver=3.1.2,1
120.59.52.171,41,https://paytm.com:443/shop/p/wd-my-passport-ultra-wdbpgc5000abk-nesn-500-gb-portable-external-hard-drive-black-WD_MyPassportUltra_500GB_Black_22225,1
122.163.242.216,43,https://paytm.com:443/papi/v1/promosearch/product/11103441/offers?parent_id=11103442&price=419&channel=web&version=2,2
122.179.74.116,43,https://paytm.com:443/papi/v1/expresscart/verify,1
124.123.241.210,44,https://paytm.com:443/offer/wp-content/plugins/wonderplugin-carousel/engine/wonderplugincarousel.js?ver=3.8,1
171.60.4.52,55,https://paytm.com:443/offer/wp-includes/js/masonry.min.js?ver=3.1.2,1
182.237.168.15,62,https://paytm.com:443/offer/wp-content/plugins/wp-responsive-slider-with-lightbox/images/vl-box/loading.gif,1
202.191.228.203,67,https://paytm.com:443/papi/v1/expresscart/verify,1
202.191.228.203,70,https://paytm.com:443/offer/wp-content/plugins/wc-gallery/includes/css/magnific-popup.css?ver=0.9.9,1
218.248.13.209,70,https://paytm.com:443/papi/rr/products/17440375/statistics?channel=web&version=2,2
27.251.88.205,76,https://paytm.com:443/offer/wp-content/plugins/wc-gallery/includes/css/style.css?ver=1.26,1
45.114.62.116,83,https://paytm.com:443/offer/wp-content/plugins/owl-carousel/css/owl.theme.css?ver=4.2.2,1
1.39.32.121,0,https://paytm.com:443/papi/v1/expresscart/verify,1
1.39.35.195,1,https://paytm.com:443/shop/wallet/balance?channel=web&version=2,1
107.167.108.146,8,https://paytm.com:443/styles/app.css,4
111.92.63.2,9,https://paytm.com:443/shop/h/sports-and-health/fitness-equipment?utm_medium=social&utm_source=facebook_paid&utm_campaign=treadmill-buyers_All,1
112.79.36.195,14,https://paytm.com:443/offer/wp-content/plugins/wc-gallery/includes/css/style.css?ver=1.26,1
113.193.255.43,16,https://paytm.com:443/api/v1/expresscart/checkout?wallet=1,1
116.75.108.205,21,https://paytm.com:443/offer/wp-content/uploads/2015/07/offer-page_21july.jpg,1
117.192.212.68,21,https://paytm.com:443/blog/wp-includes/js/comment-reply.min.js?ver=4.2.2,1
117.199.84.132,21,https://paytm.com:443/,2
120.56.157.211,25,https://paytm.com:443/papi/rr/products/16488425/statistics?channel=web&version=2,1
122.162.46.203,26,https://paytm.com:443/shop/cart?channel=web&version=2,4
122.162.46.203,26,https://paytm.com:443/shop/v1/frequentorders?channel=web&version=2,2
122.180.87.83,29,https://paytm.com:443/blog/wp-content/uploads/2015/06/OTP_blog.jpg,1
14.141.38.179,36,https://paytm.com:443/offer/wp-content/plugins/wp-responsive-slider-with-lightbox/css/images-responsive-thumbnail-slider-plus-lighbox-style.css?ver=4.2.2,1
168.235.197.144,43,https://paytm.com:443/code?code=b5566853-467a-441c-a90d-820a062691b0,1
180.151.5.187,48,https://paytm.com:443/images/greyStar.png,1
180.215.120.4,48,https://paytm.com:443/shop/p/philips-at891-aquatouch-shaver-black-grey-PERPHILIPS-AT89CHAM32505D8E04469,1
182.156.85.180,48,https://paytm.com:443/shop/logout?channel=web&version=2,1
182.73.170.82,49,https://paytm.com:443/offer/wp-content/uploads/2015/07/eoss_620x443.jpg,1
202.134.167.237,52,https://paytm.com:443/papi/rr/products/16387677/statistics?channel=web&version=2,1
59.177.137.22,69,https://paytm.com:443/offer/wp-includes/js/jquery/ui/position.min.js?ver=1.11.4,1
59.91.127.253,69,https://paytm.com:443/papi/rr/products/9480458/statistics?channel=web&version=2,2
61.12.38.243,70,https://paytm.com:443/papi/v1/promosearch/product/7078928/offers?parent_id=0&price=379&channel=web&version=2,1
103.24.87.30,7,https://paytm.com:443/offer/wp-content/plugins/wp-responsive-slider-with-lightbox/images/vl-box/controls.png,1
106.208.238.36,8,https://paytm.com:443/offer/wp-content/plugins/owl-carousel/css/styles.css?ver=4.2.2,1
106.216.155.168,8,https://paytm.com:443/shop/summary/1115754015,1
106.220.27.105,8,https://paytm.com:443/offer/wp-content/uploads/2015/07/logo10.gif,1
106.220.27.105,8,https://paytm.com:443/offer/wp-content/uploads/2015/07/logo23.gif,1
106.51.140.76,8,https://paytm.com:443/offer/wp-content/plugins/owl-carousel/css/styles.css?ver=4.2.2,1
112.79.35.45,15,https://paytm.com:443/papi/v1/expresscart/verify,1
112.79.39.188,17,https://paytm.com:443/offer/wp-content/uploads/2015/07/autom.jpg,1
115.249.10.252,22,https://paytm.com:443/shop/log,1
117.219.141.57,26,https://paytm.com:443/papi/nps/merchantrating?merchant_id=22895&channel=web&version=2,1
117.254.215.125,29,https://paytm.com:443/offer,2
117.254.215.125,29,https://paytm.com:443/shop/wallet/getP2BModelWindowDetails,1
118.102.239.30,30,https://paytm.com:443/offer/wp-content/plugins/contact-form-7/includes/js/jquery.form.min.js?ver=3.51.0-2014.06.20,1
182.72.170.146,55,https://paytm.com:443/papi/v1/promosearch/product/12854560/offers?parent_id=12854675&price=170&channel=web&version=2,1
202.142.73.230,56,https://paytm.com:443/papi/rr/products/12917178/statistics?channel=web&version=2,1
204.152.239.219,62,https://paytm.com:443/offer/wp-includes/js/jquery/ui/widget.min.js?ver=1.11.4,1
37.228.105.131,70,https://paytm.com:443/offer/wp-content/plugins/wp-image-slider-with-lightbox/css/jquery.lbox.css?ver=4.2.2,1
103.26.169.42,17,https://paytm.com:443/blog/wp-includes/js/comment-reply.min.js?ver=4.2.2,1
106.208.167.203,17,https://paytm.com:443/shop/orderdetail/1117835958?channel=web&version=2,1
106.208.76.241,17,https://paytm.com:443/papi/rr/products/9523070/statistics?channel=web&version=2,1
106.219.35.84,17,https://paytm.com:443/offer/wp-content/uploads/2015/06/list1.png,1
112.133.229.110,20,https://paytm.com:443/shop/g/electronics/the-electronic-store/ces-offer-on-pen-drives?sort_price=0&utm_source=affiliates&utm_medium=dgm&utm_campaign=dgm-generic&utm_term=50176,4
115.254.60.49,22,https://paytm.com:443/shop?utm_source=Affiliates&utm_medium=OMG&utm_campaign=OMG&utm_term=762154_,2
117.201.52.39,23,https://paytm.com:443/shop?utm_source=Affiliates&utm_medium=VCOMM&utm_campaign=VCOMM&utm_term=24890,1
117.207.61.107,23,https://paytm.com:443/shop/wallet/balance?channel=web&version=2,13
122.161.6.164,27,https://paytm.com:443/shop/orderdetail/1098911083?actions=1&channel=web&version=2,2
122.166.212.2,27,https://paytm.com:443/papi/rr/products/12837959/statistics?channel=web&version=2,1
122.167.140.211,28,https://paytm.com:443/offer/wp-content/plugins/owl-carousel/css/owl.transitions.css?ver=4.2.2,1
122.167.231.120,28,https://paytm.com:443/api/v1/expresscart/checkout?wallet=1,1
122.167.231.120,28,https://paytm.com:443/shop/summary/1117855414,1
122.168.62.104,28,https://paytm.com:443/papi/v1/promosearch/product/10749156/offers?parent_id=5235479&price=2499&channel=web&version=2,1
122.171.154.54,28,https://paytm.com:443/offer/wp-content/plugins/contact-form-7/includes/css/styles.css?ver=4.0.3,1
122.171.154.54,28,https://paytm.com:443/offer/wp-content/plugins/easy-logo-slider/css/jcarouselresponsive.css?ver=4.2.2,1
150.129.121.171,35,https://paytm.com:443/offer/wp-includes/js/jquery/ui/dialog.min.js?ver=1.11.4,1
150.129.121.171,35,https://paytm.com:443/offer/wp-content/plugins/wc-gallery/includes/js/owlcarousel/assets/owl.carousel.min.css?ver=2.0.0,1
173.39.121.42,41,https://paytm.com:443/papi/v1/promosearch/product/8524407/offers?parent_id=8524616&price=2995&channel=web&version=2,1
182.74.186.242,44,https://paytm.com:443/offer/wp-content/uploads/2014/12/slider-pro.min_.css,1
182.74.186.242,44,https://paytm.com:443/offer/wp-content/plugins/wp-image-slider-with-lightbox/js/jquery.lbox.min.js?ver=4.2.2,1
182.74.186.242,44,https://paytm.com:443/offer/wp-content/plugins/owl-carousel/js/script.js?ver=4.2.2,1
202.3.120.6,50,https://paytm.com:443/offer/wp-content/plugins/wp-responsive-slider-with-lightbox/css/l-box-css.css?ver=4.2.2,1
202.3.120.6,50,https://paytm.com:443/offer/wp-content/plugins/wp-image-slider-with-lightbox/css/jquery.lbox.css?ver=4.2.2,1
223.225.210.216,58,https://paytm.com:443/shop/wallet/txnhistory?page_size=10&page_number=0&channel=web&version=2,1
27.4.53.209,58,https://paytm.com:443/papi/nps/merchantrating?merchant_id=71147&channel=web&version=2,1
49.14.250.75,69,https://paytm.com:443/shop/login?isIframe=true&theme=mp-html5,1
49.204.58.66,69,https://paytm.com:443/papi/rr/products/8202016/statistics?channel=web&version=2,1
103.16.70.11,3,https://paytm.com:443/papi/rr/products/12463898/statistics?channel=web&version=2,1
103.17.86.12,4,https://paytm.com:443/papi/v1/expresscart/verify,1
106.51.133.123,8,https://paytm.com:443/offer/wp-content/plugins/wp-responsive-slider-with-lightbox/css/images-responsive-thumbnail-slider-plus-lighbox-style.css?ver=4.2.2,1
106.76.12.129,9,http://www.paytm.com:80/,1
113.193.60.85,16,https://paytm.com:443/papi/v1/promosearch/product/5703964/offers?parent_id=5704029&price=299&channel=web&version=2,1
115.248.214.203,19,https://paytm.com:443/offer/wp-content/plugins/image-slider-responsive/css/flexslider.css?ver=4.2.2,1
115.248.214.203,19,https://paytm.com:443/offer/wp-content/plugins/wp-awesome-faq/accordion.js?ver=1,1
117.204.50.26,22,https://paytm.com:443/papi/rr/products/2930366/statistics?channel=web&version=2,1
117.214.3.91,22,https://paytm.com:443/offer/wp-content/plugins/owl-carousel/css/owl.transitions.css?ver=4.2.2,1
117.231.207.127,24,https://paytm.com:443/bus-tickets,1
119.226.211.70,24,https://paytm.com:443/offer/wp-content/uploads/2015/07/eoss_620x443.jpg,1
119.226.211.70,26,https://paytm.com:443/,5
180.215.253.225,55,https://paytm.com:443/shop/h/electronics?utm_source=Affiliates&utm_medium=VCOMM&utm_campaign=VCOMM-generic&utm_term=24890,1
202.153.47.116,60,https://paytm.com:443/offer/wp-content/plugins/really-simple-facebook-twitter-share-buttons/style.css?ver=4.2.2,1
210.212.92.194,66,https://paytm.com:443/papi/rr/products/13427663/statistics?channel=web&version=2,1
103.238.243.40,8,https://paytm.com:443/papi/nps/merchantrating?merchant_id=31901&channel=web&version=2,1
103.28.253.17,9,https://paytm.com:443/shop/wallet/balance?channel=web&version=2,1
106.79.178.251,13,https://paytm.com:443/shop/authresponse?code=ffdb59c4-d7c1-4e68-9ed2-30961a65ec60&state=null,1
112.196.11.242,17,"https://paytm.com:443/checkout?brand=112543,96651&price=1121,11299&sort_price=0",1
122.166.168.25,29,https://paytm.com:443/shop/p/nova-ngc-85-200-w-dry-iron-black-HOMNOVA-NGC-85-AMAZ2019667289AB8,1
137.254.4.11,34,https://paytm.com:443/offer/wp-content/plugins/really-simple-facebook-twitter-share-buttons/style.css?ver=4.2.2,1
14.97.16.1,38,https://paytm.com:443/shop/g/accessories/accessories-store/fossil-exclude-variants?utm_source=affiliate&utm_medium=innovativelead&utm_campaign=innovativelead-generic&utm_term=26,1
192.8.190.10,42,https://paytm.com:443/shop/login?isIframe=true&theme=mp-web,1
192.8.190.10,42,https://paytm.com:443/shop/p/harpa-blue-rayon-top-size-l-APPHARPA-BLUE-RHARP571855EAF98FE,2
202.164.60.110,50,https://paytm.com:443/offer/wp-includes/js/jquery/jquery.masonry.min.js?ver=3.1.2,1
202.54.173.193,51,https://paytm.com:443/offer/wp-content/plugins/images-thumbnail-sliderv1/js/jc.js?ver=4.2.2,1
210.212.112.82,52,https://paytm.com:443/offer/wp-content/uploads/2015/07/cc.png,1
45.115.191.82,56,https://paytm.com:443/shop/cart,2
54.240.196.33,62,https://paytm.com:443/shop/cart?channel=web&version=2,12
59.145.221.19,65,https://paytm.com:443/offer/wp-content/plugins/wp-social-sharing/static/socialshare.js?ver=1.3,1
64.46.249.132,71,https://paytm.com:443/offer/wp-content/uploads/2015/07/kitch11.jpg,1
64.46.249.132,71,https://paytm.com:443/offer/wp-content/uploads/2015/07/main_sports_health_14jul.jpg,1
70.39.184.211,71,https://paytm.com:443/,2
1.39.9.72,3,https://paytm.com:443/shop/summary/1117824897,1
103.21.53.210,3,https://paytm.com:443/shop/cart?channel=web&version=2,4
103.232.234.71,7,https://paytm.com:443/offer/wp-includes/js/masonry.min.js?ver=3.1.2,1
106.76.14.210,9,https://paytm.com:443/shop/v1/frequentorders,1
111.118.249.131,11,https://paytm.com:443/shop/logout?channel=web&version=2,1
111.90.170.4,12,https://paytm.com:443/papi/nps/merchantrating?merchant_id=22805&channel=web&version=2,1
112.79.35.63,13,https://paytm.com:443/api/v1/expresscart/checkout?wallet=1,3
113.19.36.68,14,https://paytm.com:443/papi/rr/products/16474915/statistics?channel=web&version=2,1
113.21.72.200,14,https://paytm.com:443/shop/h/electronics?utm_medium=affiliate&utm_source=icubes_mailer&utm_campaign=ElectronicSale-20072015&utm_term=1004,1
117.197.60.177,21,https://paytm.com:443/shop/cart?channel=web&version=2,1
117.206.251.55,22,https://paytm.com:443/papi/nps/merchantrating?merchant_id=20346&channel=web&version=2,3
117.218.242.65,22,https://paytm.com:443/papi/nps/merchantrating?merchant_id=23010&channel=web&version=2,1
125.16.113.59,36,https://paytm.com:443/shop/cart?channel=web&version=2,2
14.139.238.98,39,https://paytm.com:443/,1
182.74.219.190,63,https://paytm.com:443/shop?utm_source=affiliates&utm_medium=icubeswire&utm_campaign=icubeswire&utm_term=10480,1
192.8.176.11,66,https://paytm.com:443/offer/wp-content/uploads/2015/07/470X220_books.jpg,1
192.8.176.11,66,https://paytm.com:443/offer/wp-content/plugins/easy-logo-slider/js/jcarousel.responsive.js?ver=4.2.2,1
192.8.176.11,67,https://paytm.com:443/shop/authresponse?code=20678983-4c5a-4c50-850b-72ca55ecec44&state=null,1
202.0.77.197,70,https://paytm.com:443/shop/cart?channel=web&version=2,1
202.0.77.197,70,https://paytm.com:443/papi/nps/merchantrating?merchant_id=31845&channel=web&version=2,1
203.99.206.243,77,https://paytm.com:443/offer/wp-content/uploads/2015/07/offer-page_21july.jpg,1
206.29.180.52,80,https://paytm.com:443/papi/v1/promosearch/product/8931066/offers?parent_id=0&price=150&channel=web&version=2,1
43.252.29.91,93,https://paytm.com:443/papi/v1/promosearch/product/17445734/offers?parent_id=0&price=750&channel=web&version=2,1
103.246.196.12,7,https://paytm.com:443/offer/wp-content/plugins/owl-carousel/css/owl.transitions.css?ver=4.2.2,1
103.26.48.53,13,https://www.paytm.com:443/,1
103.29.248.4,13,https://paytm.com:443/offer/wp-content/uploads/2015/06/RCH10_17june.jpg,1
103.29.248.4,13,https://paytm.com:443/offer/wp-content/plugins/really-simple-facebook-twitter-share-buttons/images/facebook-share.png,1
103.29.248.4,13,https://paytm.com:443/blog/wp-content/uploads/2015/03/Screenshot_2015-03-11-12-20-55-169x300.png,1
106.219.51.104,14,https://paytm.com:443/papi/v1/promosearch/product/10751717/offers?parent_id=10751721&price=31500&channel=web&version=2,1
122.160.78.11,31,https://paytm.com:443/shop/v1/frequentorders?channel=web&version=2,2
122.161.51.153,31,https://paytm.com:443/shop?utm_source=affiliates&utm_medium=icubeswire&utm_campaign=icubeswire&utm_term=8428,1
183.83.4.22,55,https://paytm.com:443/shop/cart?channel=web&version=2,1
202.54.152.130,55,https://paytm.com:443/shop/p/try-n-get-blue-and-pink-jecquard-saree-APPTRY-N-GET-BLTRY-2785633D5E2EF,1
210.212.192.18,57,https://paytm.com:443/papi/nps/merchantrating?merchant_id=23919&channel=web&version=2,1
220.227.147.151,61,https://paytm.com:443/offer/wp-content/uploads/2014/12/slider-pro.min_.css,1
223.176.157.247,61,https://paytm.com:443/offer/wp-content/plugins/owl-carousel/css/styles.css?ver=4.2.2,1
49.14.21.243,69,https://paytm.com:443/shop/cart,1
49.201.66.26,69,https://paytm.com:443/shop/wallet/txnhistory?page_size=10&page_number=0&channel=web&version=2,1
49.248.98.237,70,https://paytm.com:443/papi/rr/products/14508996/statistics?channel=web&version=2,1
59.93.135.93,72,https://paytm.com:443/papi/v1/promosearch/product/16233806/offers?parent_id=0&price=131&channel=web&version=2,2
70.39.187.208,73,https://paytm.com:443/verification,2
1.187.202.146,0,https://www.paytm.com:443/,1
103.224.145.135,5,https://paytm.com:443/,1
103.224.145.135,5,https://paytm.com:443/offer/wp-includes/js/jquery/ui/button.min.js?ver=1.11.4,1
106.204.103.204,13,https://paytm.com:443/shop/authresponse?code=2c0940b1-f0e6-4baf-aa89-fd4bde2f722a&state=null,1
106.220.141.172,13,https://paytm.com:443/offer/wp-content/plugins/wp-responsive-slider-with-lightbox/images/vl-box/controls.png,1
115.113.30.142,24,https://paytm.com:443/favicon.ico,2
116.203.74.225,27,https://paytm.com:443/shop/login?isIframe=true&theme=mp-web,1
117.198.40.182,28,https://paytm.com:443/,1
122.164.13.149,39,https://paytm.com:443/favicon.ico,1
14.139.69.204,46,https://paytm.com:443/shop/cart?channel=web&version=2,1
14.99.72.212,47,https://paytm.com:443/shop/login?isIframe=true&theme=mp-web,1
182.74.233.26,56,https://paytm.com:443/shop,1
210.56.103.198,65,https://paytm.com:443/offer/wp-content/plugins/really-simple-facebook-twitter-share-buttons/images/facebook-share.png,1
210.56.103.198,65,https://paytm.com:443/offer/wp-content/plugins/wc-gallery/includes/js/owlcarousel/assets/owl.carousel.min.css?ver=2.0.0,1
223.176.133.232,66,https://paytm.com:443/offer/wp-content/uploads/2015/05/zovi_iq.jpg,1
49.14.17.98,82,https://paytm.com:443/shop/orderhistory?pagesize=10&channel=web&version=2,1
49.204.63.89,82,https://paytm.com:443/offer/wp-includes/js/jquery/ui/dialog.min.js?ver=1.11.4,1
49.204.63.89,82,https://paytm.com:443/?utm_source=affiliates&utm_medium=grabon&utm_campaign=grabon,1
8.37.224.249,93,https://paytm.com:443/offer/wp-content/plugins/wp-awesome-faq/images/ui-icons_cd0a0a_256x240.png,1
103.17.86.211,2,https://paytm.com:443/shop/wallet/balance?channel=web&version=2,3
106.77.55.139,5,https://paytm.com:443/shop/cart,1
112.133.233.128,7,https://paytm.com:443/offer/wp-content/uploads/2015/07/bb.png,1
115.124.40.226,19,https://paytm.com:443/offer/wp-content/plugins/wp-social-sharing/static/socialshare.js?ver=1.3,1
117.212.6.123,23,https://paytm.com:443/shop/cart?channel=web&version=2,1
119.226.65.78,23,https://paytm.com:443/electricity,1
121.241.218.132,28,https://paytm.com:443/,2
121.241.218.132,29,https://paytm.com:443/offer/wp-content/plugins/wc-gallery/includes/js/owlcarousel/assets/owl.theme.default.css?ver=2.0.0,1
121.241.218.132,30,https://paytm.com:443/shop/p/vintage-collection-pink-flower-watch-bracelet-WATVINTAGE-COLLTHE-68391192A9BF4,1
122.163.11.204,34,https://paytm.com:443/contact,1
122.163.130.254,34,https://paytm.com:443/shop/p/carah-exclusive-double-bedsheet-with-two-pillow-covers-HOMCARAH-EXCLUSALPH2652D48A1DA,1
122.163.130.254,34,https://paytm.com:443/papi/rr/products/9508204/statistics?channel=web&version=2,1
122.169.222.239,34,https://paytm.com:443/papi/v1/promosearch/product/5321058/offers?parent_id=5321169&price=3045&channel=web&version=2,1
122.173.225.73,34,https://paytm.com:443/shop/v1/frequentorders?channel=web&version=2,3
14.102.127.141,39,https://paytm.com:443/cart,1
164.100.146.36,47,https://paytm.com:443/papi/v1/expresscart/verify,1
183.82.245.217,56,https://paytm.com:443/papi/nps/merchantrating?merchant_id=25390&channel=web&version=2,2
49.204.214.245,76,https://paytm.com:443/shop/p/sony-mdr-zx110-w-on-the-ear-circumaural-closed-back-wired-headphone-cmplxsony_mdr-zx110w_null_white,1
61.17.212.16,80,https://paytm.com:443/offer/wp-content/uploads/2014/12/examples.css,1
61.17.212.16,80,https://paytm.com:443/offer/wp-content/uploads/2015/07/main_sports_health_14jul.jpg,1
66.102.6.250,81,https://paytm.com:443/myAccount.htm,1
66.102.6.250,82,https://paytm.com:443/shop/g/automotive/bike/helmets,1
1.39.63.34,5,https://paytm.com:443/offer/wp-content/plugins/wp-responsive-slider-with-lightbox/css/images-responsive-thumbnail-slider-plus-lighbox-style.css?ver=4.2.2,1
1.39.63.34,5,https://paytm.com:443/offer/wp-content/plugins/easy-logo-slider/js/jcarousel.responsive.js?ver=4.2.2,1
101.212.70.28,7,https://paytm.com:443/papi/v1/expresscart/verify,1
103.56.28.49,13,https://paytm.com:443/papi/nps/merchantverification,1
117.201.187.190,24,https://paytm.com:443/,1
117.205.177.87,24,https://paytm.com:443/offer/wp-content/plugins/wp-awesome-faq/accordion.js?ver=1,1
117.212.49.35,24,https://paytm.com:443/offer/wp-content/plugins/wp-image-slider-with-lightbox/css/jquery.lbox.css?ver=4.2.2,1
117.212.49.35,24,https://paytm.com:443/offer/wp-content/plugins/logo-slider/lgs_jquery.cycle2.js?ver=4.2.2,1
117.239.245.82,24,https://paytm.com:443/shop?utm_source=Affiliates&utm_medium=VCOMM&utm_campaign=VCOMM&utm_term=1064,1
121.244.57.130,29,https://paytm.com:443/papi/nps/merchantrating?merchant_id=30693&channel=web&version=2,1
122.161.187.96,29,https://paytm.com:443/offer,1
122.164.33.162,31,https://paytm.com:443/shop/v1/frequentorders?channel=web&version=2,1
122.175.228.97,31,https://paytm.com:443/shop/cart,1
123.236.193.207,31,https://paytm.com:443/offer/wp-content/plugins/easy-logo-slider/js/jquery.jcarousel.min.js?ver=4.2.2,1
123.236.193.207,31,https://paytm.com:443/paytmwallet,1
14.139.224.228,36,https://paytm.com:443/papi/rr/products/13443400/statistics?channel=web&version=2,1
14.140.98.194,38,https://paytm.com:443/papi/rr/products/8863318/statistics?channel=web&version=2,1
144.36.210.229,38,https://paytm.com:443/offer/wp-content/plugins/wp-responsive-slider-with-lightbox/js/l-box-js.js?ver=4.2.2,1
182.64.164.236,50,https://paytm.com:443/papi/v1/promosearch/product/2138635/offers?parent_id=2140338&price=999&channel=web&version=2,1
203.109.111.64,58,https://paytm.com:443/shop/cart?channel=web&version=2,1
203.123.182.34,59,https://paytm.com:443/blog/wp-content/uploads/2015/06/Focas-Newspage10.jpg,1
210.212.152.232,63,https://paytm.com:443/shop/v1/frequentorders?channel=web&version=2,2
210.56.96.221,63,https://paytm.com:443/papi/v1/promosearch/product/13453167/offers?parent_id=13453249,1
220.226.191.107,63,https://paytm.com:443/blog/paytm-offer-for-app-users-get-upto-rs-50-cash-back/,1
223.225.252.221,64,https://paytm.com:443/papi/v1/promosearch/product/16476164/offers?parent_id=16476775&price=1887&channel=web&version=2,1
27.34.245.6,70,https://paytm.com:443/,1
49.213.63.86,77,https://paytm.com:443/offer/wp-includes/js/jquery/ui/accordion.min.js?ver=1.11.4,1
49.248.158.251,77,https://www.paytm.com:443/,1
8.37.224.229,78,https://paytm.com:443/code?code=e25f2a8c-d56d-486f-a931-4ffbcd3916c5,1
101.59.76.136,7,https://paytm.com:443/offer/wp-includes/js/jquery/ui/button.min.js?ver=1.11.4,1
112.79.36.124,20,https://paytm.com:443/offer/wp-includes/js/jquery/ui/core.min.js?ver=1.11.4,1
113.193.64.20,22,https://paytm.com:443/shop/v1/frequentorders?channel=web&version=2,1
120.56.146.107,31,https://paytm.com:443/offer/,1
122.111.80.187,32,https://paytm.com:443/shop/action,1
122.172.85.171,34,https://paytm.com:443/papi/rr/products/8504649/statistics?channel=web&version=2,1
122.179.86.34,34,https://paytm.com:443/shop/cart?channel=web&version=2,3
124.153.107.68,36,https://paytm.com:443/papi/nps/merchantrating?merchant_id=22805&channel=web&version=2,1
175.101.67.232,67,https://paytm.com:443/offer/wp-content/plugins/contact-form-7/includes/js/jquery.form.min.js?ver=3.51.0-2014.06.20,1
180.151.225.139,67,https://paytm.com:443/offer/wp-content/plugins/wp-social-sharing/static/socialshare.css?ver=1.3,1
180.151.225.139,67,https://paytm.com:443/offer/wp-includes/js/masonry.min.js?ver=3.1.2,1
203.91.215.55,73,https://www.paytm.com:443/,1
27.107.0.180,76,https://paytm.com:443/shop/p/sparx-men-green-black-synthetic-fabric-slippers-size-10-MSLPRS00SFG_1027RFGN10,1
49.139.91.83,77,https://paytm.com:443/offer/wp-content/plugins/owl-carousel/css/styles.css?ver=4.2.2,1
49.204.98.230,78,https://paytm.com:443/blog/wp-includes/js/jquery/jquery.js?ver=1.11.2,1
59.94.34.21,81,https://paytm.com:443/shop/cart?channel=web&version=2,1
8.37.224.131,81,https://paytm.com:443/offer/wp-includes/js/jquery/ui/accordion.min.js?ver=1.11.4,1
8.37.224.131,81,https://paytm.com:443/offer/wp-content/uploads/2015/07/autom.jpg,1
8.37.224.131,82,https://paytm.com:443/offer/wp-content/plugins/images-thumbnail-sliderv1/css/images-thumbnail-sliderv1-style.css?ver=4.2.2,1
1.38.4.13,3,https://paytm.com:443/offer/wp-includes/js/jquery/ui/core.min.js?ver=1.11.4,1
1.38.4.13,3,https://paytm.com:443/offer/wp-content/plugins/images-thumbnail-sliderv1/css/images-thumbnail-sliderv1-style.css?ver=4.2.2,1
103.15.249.113,14,https://paytm.com:443/offer/wp-content/uploads/2015/01/style.css,1
103.232.129.90,24,https://paytm.com:443/papi/nps/merchantrating?merchant_id=21258&channel=web&version=2,1
111.93.218.122,43,https://paytm.com:443/shop/v1/frequentorders?channel=web&version=2,3
113.193.157.240,47,https://paytm.com:443/shop/v1/frequentorders?channel=web&version=2,3
115.185.151.243,49,https://paytm.com:443/offer/wp-content/plugins/wonderplugin-carousel/engine/wonderplugincarouselskins.js?ver=3.8,1
115.242.79.157,49,https://paytm.com:443/shop/login?isIframe=true&theme=mp-web,1
116.203.141.199,51,https://paytm.com:443/papi/rr/products/12394095/statistics?channel=web&version=2,1
117.206.137.197,53,https://paytm.com:443/papi/nps/merchantrating?merchant_id=44399&channel=web&version=2,1
117.208.93.116,53,https://paytm.com:443/papi/v1/promosearch/product/17509833/offers?parent_id=17509834&price=249&channel=web&version=2,1
117.208.93.116,53,https://paytm.com:443/papi/v1/promosearch/product/16010981/offers?parent_id=8622292&price=2540&channel=web&version=2,1
117.239.91.155,53,https://paytm.com:443/offer/wp-content/plugins/wonderplugin-carousel/engine/wonderplugincarousel.js?ver=3.8,1
117.243.179.46,53,https://paytm.com:443/shop/h/electronics?utm_source=Affiliates&utm_medium=VCOMM&utm_campaign=VCOMM-generic&utm_term=1064,2
122.163.8.215,56,https://paytm.com:443/settings,1
168.235.198.169,83,https://paytm.com:443/offer/wp-content/plugins/owl-carousel/css/owl.transitions.css?ver=4.2.2,1
168.235.198.169,83,https://paytm.com:443/offer/wp-content/plugins/owl-carousel/js/script.js?ver=4.2.2,1
182.66.23.57,87,https://paytm.com:443/%7B%7B::resourceUrl%7D%7D/images/con-icon.png,1
183.82.69.147,94,https://paytm.com:443/offer/wp-includes/js/jquery/ui/draggable.min.js?ver=1.11.4,2
220.226.206.7,104,https://paytm.com:443/recharges/401956720150722173122,1
220.226.206.7,106,https://paytm.com:443/recharges/401245420150722113300,1
46.4.95.15,109,https://paytm.com:443/papi/rr/products/4902022/statistics,1
49.203.142.19,111,https://paytm.com:443/,1
49.204.201.136,111,https://paytm.com:443/papi/rr/products/9457579/statistics?channel=web&version=2,1
59.160.207.101,113,https://paytm.com:443/offer/wp-content/uploads/2015/07/bedlinen.jpg,1
61.12.88.182,115,https://paytm.com:443/shop/v1/frequentorders?channel=web&version=2,1
1.39.13.207,4,https://paytm.com:443/shop/cart,1
103.24.22.162,8,https://paytm.com:443/offer/termsconditions/,1
103.55.171.170,9,https://paytm.com:443/shop/cart?channel=web&version=2,1
113.20.16.187,11,https://paytm.com:443/favicon.ico,1
115.249.41.218,13,https://paytm.com:443/shop/orderhistory?pagesize=10&channel=web&version=2,1
116.199.173.2,17,https://paytm.com:443/shop/cart?channel=web&version=2,1
116.199.173.2,20,https://paytm.com:443/papi/rr/products/16923759/statistics?channel=web&version=2,1
117.211.21.254,21,https://paytm.com:443/shop/authresponse?code=2352fe64-218e-4c78-82e2-69c0e59fba9f&state=,1
117.224.157.94,22,https://paytm.com:443/login,1
122.164.180.47,29,https://paytm.com:443/papi/v1/promosearch/product/4303968/offers?parent_id=4304050&price=999&channel=web&version=2,1
125.19.44.195,37,https://paytm.com:443/offer/wp-content/plugins/logo-slider/lgs_jquery.cycle2.js?ver=4.2.2,1
14.139.241.84,46,https://paytm.com:443/coupons,1
14.139.40.15,47,https://paytm.com:443/papi/nps/merchantrating?merchant_id=20433&channel=web&version=2,1
182.67.249.16,67,https://paytm.com:443/offer/wp-content/uploads/2015/07/qas.jpg,1
183.87.174.161,70,https://paytm.com:443/shop/orderdetail/1116591168?channel=web&version=2,2
210.7.77.82,79,https://paytm.com:443/papi/v1/promosearch/product/8466846/offers?parent_id=1571295&price=80&channel=web&version=2,1
49.15.48.196,83,https://paytm.com:443/shop/v1/frequentorders,1
49.238.32.219,86,https://paytm.com:443/opensearch.xml,1
59.177.178.223,94,https://paytm.com:443/papi/v1/promosearch/product/12685324/offers?parent_id=12685796&price=499&channel=web&version=2,1
59.97.26.163,95,https://paytm.com:443/papi/v1/promosearch/product/10977169/offers?parent_id=11495361&price=1595&channel=web&version=2,1
101.2.37.28,7,https://paytm.com:443/offer/wp-content/plugins/wp-thumbnail-slider/css/wpt-slide.css?ver=4.2.2,1
103.16.71.67,7,https://paytm.com:443/offer/wp-includes/js/jquery/ui/button.min.js?ver=1.11.4,1
103.16.71.67,7,https://paytm.com:443/offer/wp-content/plugins/easy-logo-slider/css/jcarouselresponsive.css?ver=4.2.2,1
103.27.171.59,18,https://paytm.com:443/shop/cart?channel=web&version=2,2
103.27.171.59,20,https://paytm.com:443/shop/authresponse?code=5cb8907f-fbde-4d5f-ba71-34bd677288e0&state=null,1
106.206.136.156,25,https://paytm.com:443/shop/cart/checkout?channel=web&version=2,1
107.167.109.134,29,https://paytm.com:443/offer/wp-includes/js/jquery/jquery.masonry.min.js?ver=3.1.2,1
112.196.105.8,33,https://paytm.com:443/shop/logout?channel=web&version=2,1
115.111.231.194,34,https://paytm.com:443/,1
117.198.13.87,34,https://paytm.com:443/shop/cart,1
117.201.178.176,34,https://paytm.com:443/shop/summary/1116642140,1
117.237.213.78,35,https://paytm.com:443/shop/login?isIframe=true&theme=mp-html5,1
14.97.228.117,49,https://paytm.com:443/shop/cart?channel=web&version=2,1
183.82.219.107,57,https://paytm.com:443/papi/nps/merchantrating?merchant_id=20328&channel=web&version=2,1
27.255.179.91,72,https://paytm.com:443/shop/wallet/balance?channel=web&version=2,1
37.228.106.4,75,https://paytm.com:443/login,1
37.228.107.226,75,https://paytm.com:443/offer/wp-content/plugins/wp-image-slider-with-lightbox/js/jquery.lbox.min.js?ver=4.2.2,2
37.228.107.226,75,https://paytm.com:443/offer/wp-content/plugins/image-slider-responsive/css/flexslider.css?ver=4.2.2,2
37.228.107.4,78,https://paytm.com:443/styles/app.css,1
49.204.6.107,80,https://paytm.com:443/shop/login?isIframe=true&theme=mp-web,1
49.207.185.199,80,https://paytm.com:443/offer/wp-content/plugins/easy-logo-slider/css/jcarouselresponsive.css?ver=4.2.2,1
49.207.185.199,80,https://paytm.com:443/offer/wp-includes/js/jquery/ui/mouse.min.js?ver=1.11.4,1
49.207.185.199,80,https://paytm.com:443/offer/wp-content/uploads/2015/07/kitch11.jpg,1
49.207.188.155,80,https://paytm.com:443/offer/wp-content/plugins/wp-image-slider-with-lightbox/js/jquery.lbox.min.js?ver=4.2.2,1
49.207.21.191,80,https://paytm.com:443/papi/rr/products/4134856/statistics?channel=web&version=2,1
59.91.82.55,83,https://paytm.com:443/papi/v1/promosearch/product/4135291/offers?parent_id=4135314&price=575&channel=web&version=2,1
106.51.233.194,8,https://paytm.com:443/papi/rr/products/16293323/statistics?channel=web&version=2,1
117.228.2.176,23,https://paytm.com:443/,1
122.175.12.121,26,https://paytm.com:443/offer/wp-includes/js/jquery/ui/mouse.min.js?ver=1.11.4,1
168.235.197.249,54,https://paytm.com:443/offer/wp-content/plugins/wp-image-slider-with-lightbox/css/jquery.lbox.css?ver=4.2.2,2
168.235.197.249,54,https://paytm.com:443/offer/wp-includes/js/jquery/ui/position.min.js?ver=1.11.4,2
168.235.197.48,59,https://paytm.com:443/blog/wp-content/plugins/jetpack/modules/sharedaddy/sharing.js?ver=3.5.3,1
182.69.229.3,64,https://paytm.com:443/shop/cart,2
183.82.16.7,66,https://paytm.com:443/papi/v1/promosearch/product/5751034/offers?parent_id=5751688&price=314&channel=web&version=2,1
223.176.52.3,74,https://paytm.com:443/offer/wp-content/plugins/wp-responsive-slider-with-lightbox/images/vl-box/controls.png,1
61.1.244.46,83,https://paytm.com:443/papi/v1/promosearch/product/7639625/offers?parent_id=7639697&price=249&channel=web&version=2,1
61.3.76.112,83,https://paytm.com:443/shop/g/electronics/mobile-accessories/mobiles-accessories-store/price-never-before?gclid=Cj0KEQjw_rytBRDVhZeQrbzn_q0BEiQAjnbSHAS3NuqNFVpfuD5aWOGtqkToJ9h1nL0yZM1IcBOlr1EaAtJ98P8HAQ,1
1.22.181.166,1,https://paytm.com:443/papi/v1/promosearch/product/13806232/offers?parent_id=0&price=3600&channel=web&version=2,1
1.39.12.141,2,https://paytm.com:443/offer/wp-content/plugins/owl-carousel/css/owl.transitions.css?ver=4.2.2,1
101.222.249.164,7,https://paytm.com:443/papi/v1/promosearch/product/265449/offers?parent_id=266177&price=499&channel=web&version=2,1
103.240.171.99,7,https://paytm.com:443/images/goldenStar.png,1
103.5.134.181,10,https://paytm.com:443/papi/v1/expresscart/verify,1
103.54.107.235,10,https://paytm.com:443/papi/nps/merchantrating?merchant_id=26140&channel=web&version=2,1
106.208.81.243,10,https://paytm.com:443/offer/wp-content/plugins/images-thumbnail-sliderv1/js/jc.js?ver=4.2.2,1
106.77.70.229,11,https://paytm.com:443/offer/wp-content/plugins/images-thumbnail-sliderv1/css/images-thumbnail-sliderv1-style.css?ver=4.2.2,1
112.79.39.112,23,https://paytm.com:443/,3
116.75.137.230,26,https://paytm.com:443/shop/login?isIframe=true&theme=mp-web,1
117.218.173.193,28,https://paytm.com:443/shop/summary/1115375891,1
117.218.173.193,28,https://paytm.com:443/shop/logout?channel=web&version=2,1
142.245.193.1,57,https://paytm.com:443/shop/v1/frequentorders?channel=web&version=2,2
163.53.209.79,58,https://paytm.com:443/offer/wp-content/uploads/2015/07/offer-page_20jul.jpg,1
182.66.41.160,59,https://paytm.com:443/offer/wp-includes/js/jquery/jquery.masonry.min.js?ver=3.1.2,1
194.251.119.198,61,https://paytm.com:443/scripts/web/angular-datepicker.js,1
194.251.119.198,61,https://paytm.com:443/offer/wp-content/plugins/wp-social-sharing/static/socialshare.css?ver=1.3,1
27.62.43.35,64,https://paytm.com:443/favicon.ico,1
27.97.14.2,64,https://paytm.com:443/basic,1
1.38.23.244,3,https://paytm.com:443/shop/wallet/getP2BModelWindowDetails,1
1.39.80.103,3,https://paytm.com:443/papi/rr/products/17563539/statistics?channel=web&version=2,1
106.203.201.224,6,https://paytm.com:443/blog/wp-content/uploads/2015/07/Security.jpg,1
106.203.201.224,6,https://paytm.com:443/blog/wp-content/uploads/2014/11/favicon.ico,1
106.215.181.39,6,https://paytm.com:443/shop/cart,1
106.51.135.221,7,https://paytm.com:443/shop?utm_source=Affiliates&utm_medium=OMG&utm_campaign=OMG&utm_term=762154_,1
112.196.47.251,16,https://paytm.com:443/offer/wp-content/plugins/wp-responsive-slider-with-lightbox/images/vl-box/controls.png,1
115.248.223.50,24,https://paytm.com:443/shop/cart?channel=web&version=2,2
117.241.198.180,29,https://paytm.com:443/papi/v1/promosearch/product/17026313/offers?parent_id=7083143,1
120.59.24.41,29,https://paytm.com:443/papi/v1/promosearch/product/14234549/offers?parent_id=11954113&price=713&channel=web&version=2,1
122.180.209.74,30,https://paytm.com:443/papi/v1/promosearch/product/8641497/offers?parent_id=17450850,1
122.183.93.211,30,https://paytm.com:443/shop/cart?channel=web&version=2,3
123.201.30.39,30,https://paytm.com:443/scripts/common/config/linkConfig.js,1
125.63.68.99,33,https://paytm.com:443/papi/rr/products/11423042/statistics?channel=web&version=2,1
125.63.68.99,33,https://paytm.com:443/papi/rr/products/10865686/statistics?channel=web&version=2,1
180.215.6.24,40,https://paytm.com:443/papi/v1/expresscart/verify,1
199.190.46.182,42,https://paytm.com:443/?utm_source=ucweb&utm_medium=Affiliate&utm_campaign=web,1
203.91.192.4,44,https://paytm.com:443/shop,2
223.196.206.227,53,https://paytm.com:443/shop/cart,2
37.228.104.69,53,https://paytm.com:443/offer/wp-content/plugins/wp-responsive-slider-with-lightbox/css/l-box-css.css?ver=4.2.2,1
49.204.251.148,57,https://paytm.com:443/shop/orderdetail/1116542601?channel=web&version=2,2
49.205.224.10,57,http://paytm.com:80/,1
1.39.61.253,2,https://paytm.com:443/offer/wp-content/plugins/owl-carousel/css/owl.transitions.css?ver=4.2.2,1
103.5.19.234,7,https://paytm.com:443/,1
106.208.212.210,7,https://paytm.com:443/paytmCash,1
106.221.155.242,7,https://paytm.com:443/papi/v1/expresscart/verify,1
106.77.213.50,8,https://paytm.com:443/papi/nps/merchantrating?merchant_id=66083&channel=web&version=2,1
115.118.48.19,13,https://paytm.com:443/shop/authresponse?code=bbe62066-5162-4125-836c-055f02754006&state=null,1
115.118.57.207,13,https://paytm.com:443/shop/summary/1117855875,1
115.245.129.209,13,https://paytm.com:443/shop?utm_source=affiliate&utm_medium=promocodeclub&utm_campaign=promocodeclub-generic&utm_term=pccptm,2
116.73.205.229,15,https://paytm.com:443/papi/v1/promosearch/product/17401753/offers?parent_id=17401755&price=999&channel=web&version=2,1
117.247.230.205,19,https://paytm.com:443/shop/authresponse?code=d5da49b7-a5ca-4241-94ec-9e753a349345&state=null,1
122.177.160.245,21,https://paytm.com:443/shop/cart?channel=web&version=2,1
123.252.213.110,21,https://paytm.com:443/shop/p/miraan-orange-cotton-saree-APPMIRAAN-ORANGKPST308245C93D88_44130,1
128.185.59.132,25,https://paytm.com:443/shop/cart,1
150.107.180.32,31,https://paytm.com:443/shop/p/dell-3543-inspiron-3543541tbisu-core-i5-5th-gen-4-gb-1-tb-15-6-inch-ubuntu-silver-laptop-LAPDELL-3543-INKH-O21258D5AC1BDB,1
101.212.71.122,7,https://paytm.com:443/api/v1/expresscart/checkout?wallet=1,1
103.21.127.78,11,https://paytm.com:443/shop/cart,2
106.192.152.220,13,https://www.paytm.com:443/,1
106.216.154.61,13,https://paytm.com:443/offer/wp-content/plugins/easy-logo-slider/css/jcarouselresponsive.css?ver=4.2.2,1
112.79.39.70,16,https://paytm.com:443/shop/v1/frequentorders?channel=web&version=2,4
113.193.19.211,19,https://paytm.com:443/shop/ad/paytmAd?cat=bus1&paytm=new,1
115.250.108.206,21,https://paytm.com:443/offer/wp-content/plugins/wp-awesome-faq/jquery-ui.css?ver=4.2.2,3
117.216.184.20,28,https://paytm.com:443/papi/nps/merchantrating?merchant_id=26617&channel=web&version=2,1
117.229.75.46,29,https://paytm.com:443/offer/wp-content/plugins/wp-responsive-slider-with-lightbox/css/l-box-css.css?ver=4.2.2,1
117.238.63.54,29,https://paytm.com:443/offer/wp-content/plugins/wc-gallery/includes/css/style.css?ver=1.26,1
121.242.29.88,34,https://paytm.com:443/shop/login?isIframe=true&theme=mp-web,2
125.17.191.171,42,https://paytm.com:443/shop/wallet/balance?channel=web&version=2,1
150.129.156.28,48,https://paytm.com:443/shop/v1/frequentorders?channel=web&version=2,1
203.147.88.34,60,https://paytm.com:443/offer/wp-includes/js/jquery/ui/accordion.min.js?ver=1.11.4,1
203.55.173.2,61,https://paytm.com:443/papi/v1/promosearch/product/17507585/offers?parent_id=17507586&price=549&channel=web&version=2,1
23.236.124.8,69,https://paytm.com:443/settings,1
49.128.160.78,78,https://paytm.com:443/shop/login?isIframe=true&theme=mp-web,1
106.51.132.54,7,https://paytm.com:443/shop/g/electronics/the-electronic-store/upto-rs-1000-................windowswin.ini,1
106.51.132.54,7,https://paytm.com:443/shop/g/electronics/the-electronic-store/upto-rs-1000-/../..//../..//../..//../..//../..//etc/passwd%00.jpg,1
106.51.132.54,7,https://paytm.com:443/shop/g/electronics/the-electronic-store/upto-rs-/../..//../..//../..//../..//../..//etc/passwd%00.jpg-off-on-led-tv-s,1
106.51.132.54,7,https://paytm.com:443/shop/g/electronics/the-electronic-store/upto-rs-%0acat%20%2fetc%2fpasswd%0a-off-on-led-tv-s,1
106.51.132.54,7,https://paytm.com:443/shop/g/electronics/the-electronic-store/upto-rs-5000-../../../../../../../../../../etc/passwd%00.jpg,1
106.51.132.54,7,https://paytm.com:443/shop/g/electronics/the-electronic-store/upto-rs-..%2f...%2f..%2f.%2f..%2f...%2f..%2f.%2f..%2f...%2f..%2f.%2f..%2f...%2f..%2f.%2f..%2f...%2f..%2f.%2f..%2f...%2f..%2f.%2fwindows%2fwin.ini-off-on-external-hard-disk-drive,1
106.51.132.54,7,https://paytm.com:443/shop/h/%3c%21--/stationery,1
106.51.132.54,7,https://paytm.com:443/shop/invalid../../../../../../../../../../etc/passwd/./././././././././././././././././././././././././././././././././././././././././././././././././././././././././././././././././././././././././././././././././././././././././././././././././././././././././././././././././././././././././././././././././././././././././././././././././././././././././././././././././././././././././././././././././././././././././././././././././././././././././././././././././././././././././././././././././././././././././././././././././././././././././././././././././././././././././././././././././././././././././././././././././././././././././././././././././././././././././././././././././././././././././././././././././././././././././././././././././././././././././././././././././././././././././././././././././././././././././././././././././././././././././././././././././././././././././././././././././././././././././././././././././././././././././././././././././././././././././././././././././././././././././././././././././././././././././././././././././././././././././././././././././././././././././././././././././././././././././././././././././././././././././././././././././././././././././././././././././././././././././././././././././././././././././././././././././././././././././././././././././././././././././././././././././././././././././././././././././././././././././././././././././././././././././././././././././././././././././././././././././././././././././././././././././././././././././././././././././././././././././././././././././././././././././././././././././././././././././././././././././././././././././././././././././././././././././././././././././././././././././././././././././././././././././././././././././././././././././././././././././././././././././././././././././././././././././././././././././././././././././././././././././././././././././././././././././././././././././././././././././././././././././././././././././././././././././././././././././././././././././././././././././././././././././././././././././././././././././././././././././././././././././././././././././././././././././././././././././././././././././././././././././././././././././././././././././././././././././././././././././././././././././././././././././././././././././././././././././././././././././././././././././././././././././././././././././././././././././././././././././././././././././././././././././././././././././././././././././././././././././././././././././././././././././././././././././././././././././././././././././././././././././././././././././././././././././././././././././././././././././././././././././././././././././././././././././././././././././././././././././././././././././././././././././././././././././././././././././././././././././././././././././././././././././././././././././././././././././././././././././././././././././././././././././././././././././././././././././././././././././././././././././././././././././././././././././././././././././././././././././././././././././././././././././././././././././././././././././././././././././././././././././././././././././././././././././././././././././././././././././././././././././././././././././././././././././././././././././././././././././././././././././././././././././././././././././././././././././././././././././././././././././././././././././././././././././././././././././././././././././././././././././././././././././././././././././././././././././././././././././././././././././././././././././././././././././././././././././././././././././././././././././././././././././././././././././././././././././././././././././././././././././././././././././././././././././././././././././././././././././././././././././././././././././././././././././././././././././././././././././././././././././././././././././././././././././././././././././././././././././././././././././././././././././././././././././././././././././././././././././././././././././././././././././././././books-media-stationery/stationery,1
106.51.132.54,7,https://paytm.com:443/shop/g/home-kitchen/the-home-store/premium-bedsheets-extra-35-..%2f...%2f..%2f.%2f..%2f...%2f..%2f.%2f..%2f...%2f..%2f.%2f..%2f...%2f..%2f.%2f..%2f...%2f..%2f.%2f..%2f...%2f..%2f.%2fetc%2fpasswd,1
106.51.132.54,7,https://paytm.com:443/shop/g/paytm-home/%f0%27%27%f0%22%22,1
106.51.132.54,7,https://paytm.com:443/shop/g/home-kitchen/the-home-store/%0acat%20%2fetc%2fpasswd%0a-35-off,1
106.51.132.54,7,https://paytm.com:443/shop/g/electronics/the-electronic-store/upto-rs-1000-off-on-led-tv-s,2
106.51.132.54,7,https://paytm.com:443/unexisting/../../../../../../../../../../windows/win.ini.\.\.\.\.\.\.\.\.\.\.\.\.\.\.\.\.\.\.\.\.\.\.\.\.\.\.\.\.\.\.\.\.\.\.\.\.\.\.\.\.\.\.\.\.\.\.\.\.\.\.\.\.\.\.\.\.\.\.\.\.\.\.\.\.\.\.\.\.\.\.\.\.\.\.\.\.\.\.\.\.\.\.\.\.\.\.\.\.\.\.\.\.\.\.\.\.\.\.\.\.\.\.\.\.\.\.\.\.\.\.\.\.\.\.\.\.\.\.\.\.\.\.\.\.\.\.\.\.\.\.\.\.\.\.\.\.\.\.\.\.\.\.\.\.\.\.\.\.\.\.\.\.\.\.\.\.\.\.\.\.\.\.\.\.\.\.\.\.\.\.\.\.\.\.\.\.\.\.\.\.\.\.\.\.\.\.\.\.\.\.\.\.\.\.\.\.\.\.\.\.\.\.\.\.\.\.\.\.\.\.\.\.\.\.\.\.\.\.\.\.\.\.\.\.\.\.\.\.\.\.\.\.\.\.\.\.\.\.\.\.\.\.\.\.\.\.\.\.\.\.\.\.\.\.\.\.\.\.\.\.\.\.\.\.\.\.\.\.\.\.\.\.\.\.\.\.\.\.\.\.\.\.\.\.\.\.\.\.\.\.\.\.\.\.\.\.\.\.\.\.\.\.\.\.\.\.\.\.\.\.\.\.\.\.\.\.\.\.\.\.\.\.\.\.\.\.\.\.\.\.\.\.\.\.\.\.\.\.\.\.\.\.\.\.\.\.\.\.\.\.\.\.\.\.\.\.\.\.\.\.\.\.\.\.\.\.\.\.\.\.\.\.\.\.\.\.\.\.\.\.\.\.\.\.\.\.\.\.\.\.\.\.\.\.\.\.\.\.\.\.\.\.\.\.\.\.\.\.\.\.\.\.\.\.\.\.\.\.\.\.\.\.\.\.\.\.\.\.\.\.\.\.\.\.\.\.\.\.\.\.\.\.\.\.\.\.\.\.\.\.\.\.\.\.\.\.\.\.\.\.\.\.\.\.\.\.\.\.\.\.\.\.\.\.\.\.\.\.\.\.\.\.\.\.\.\.\.\.\.\.\.\.\.\.\.\.\.\.\.\.\.\.\.\.\.\.\.\.\.\.\.\.\.\.\.\.\.\.\.\.\.\.\.\.\.\.\.\.\.\.\.\.\.\.\.\.\.\.\.\.\.\.\.\.\.\.\.\.\.\.\.\.\.\.\.\.\.\.\.\.\.\.\.\.\.\.\.\.\.\.\.\.\.\.\.\.\.\.\.\.\.\.\.\.\.\.\.\.\.\.\.\.\.\.\.\.\.\.\.\.\.\.\.\.\.\.\.\.\.\.\.\.\.\.\.\.\.\.\.\.\.\.\.\.\.\.\.\.\.\.\.\.\.\.\.\.\.\.\.\.\.\.\.\.\.\.\.\.\.\.\.\.\.\.\.\.\.\.\.\.\.\.\.\.\.\.\.\.\.\.\.\.\.\.\.\.\.\.\.\.\.\.\.\.\.\.\.\.\.\.\.\.\.\.\.\.\.\.\.\.\.\.\.\.\.\.\.\.\.\.\.\.\.\.\.\.\.\.\.\.\.\.\.\.\.\.\.\.\.\.\.\.\.\.\.\.\.\.\.\.\.\.\.\.\.\.\.\.\.\.\.\.\.\.\.\.\.\.\.\.\.\.\.\.\.\.\.\.\.\.\.\.\.\.\.\.\.\.\.\.\.\.\.\.\.\.\.\.\.\.\.\.\.\.\.\.\.\.\.\.\.\.\.\.\.\.\.\.\.\.\.\.\.\.\.\.\.\.\.\.\.\.\.\.\.\.\.\.\.\.\.\.\.\.\.\.\.\.\.\.\.\.\.\.\.\.\.\.\.\.\.\.\.\.\.\.\.\.\.\.\.\.\.\.\.\.\.\.\.\.\.\.\.\.\.\.\.\.\.\.\.\.\.\.\.\.\.\.\.\.\.\.\.\.\.\.\.\.\.\.\.\.\.\.\.\.\.\.\.\.\.\.\.\.\.\.\.\.\.\.\.\.\.\.\.\.\.\.\.\.\.\.\.\.\.\.\.\.\.\.\.\.\.\.\.\.\.\.\.\.\.\.\.\.\.\.\.\.\.\.\.\.\.\.\.\.\.\.\.\.\.\.\.\.\.\.\.\.\.\.\.\.\.\.\.\.\.\.\.\.\.\.\.\.\.\.\.\.\.\.\.\.\.\.\.\.\.\.\.\.\.\.\.\.\.\.\.\.\.\.\.\.\.\.\.\.\.\.\.\.\.\.\.\.\.\.\.\.\.\.\.\.\.\.\.\.\.\.\.\.\.\.\.\.\.\.\.\.\.\.\.\.\.\.\.\.\.\.\.\.\.\.\.\.\.\.\.\.\.\.\.\.\.\.\.\.\.\.\.\.\.\.\.\.\.\.\.\.\.\.\.\.\.\.\.\.\.\.\.\.\.\.\.\.\.\.\.\.\.\.\.\.\.\.\.\.\.\.\.\.\.\.\.\.\.\.\.\.\.\.\.\.\.\.\.\.\.\.\.\.\.\.\.\.\.\.\.\.\.\.\.\.\.\.\.\.\.\.\.\.\.\.\.\.\.\.\.\.\.\.\.\.\.\.\.\.\.\.\.\.\.\.\.\.\.\.\.\.\.\.\.\.\.\.\.\.\.\.\.\.\.\.\.\.\.\.\.\.\.\.\.\.\.\.\.\.\.\.\.\.\.\.\.\.\.\.\.\.\.\.\.\.\.\.\.\.\.\.\.\.\.\.\.\.\.\.\.\.\.\.\.\.\.\.\.\.\.\.\.\.\.\.\.\.\.\.\.\.\.\.\.\.\.\.\.\.\.\.\.\.\.\.\.\.\.\.\.\.\.\.\.\.\.\.\.\.\.\.\.\.\.\.\.\.\.\.\.\.\.\.\.\.\.\.\.\.\.\.\.\.\.\.\.\.\.\.\.\.\.\.\.\.\.\.\.\.\.\.\.\.\.\.\.\.\.\.\.\.\.\.\.\.\.\.\.\.\.\.\.\.\.\.\.\.\.\.\.\.\.\.\.\.\.\.\.\.\.\.\.\.\.\.\.\.\.\.\.\.\.\.\.\.\.\.\.\.\.\.\.\.\.\.\.\.\.\.\.\.\.\.\.\.\.\.\.\.\.\.\.\.\.\.\.\.\.\.\.\.\.\.\.\.\.\.\.\.\.\.\.\.\.\.\.\.\.\.\.\.\.\.\.\.\.\.\.\.\.\.\.\.\.\.\.\.\.\.\.\.\.\.\.\.\.\.\.\.\.\.\.\.\.\.\.\.\.\.\.\.\.\.\.\.\.\.\.\.\.\.\.\.\.\.\.\.\.\.\.\.\.\.\.\.\.\.\.\.\.\.\.\.\.\.\.\.\.\.\.\.\.\.\.\.\.\.\.\.\.\.\.\.\.\.\.\.\.\.\.\.\.\.\.\.\.\.\.\.\.\.\.\.\.\.\.\.\.\.\.\.\.\.\.\.\.\.\.\.\.\.\.\.\.\.\.\.\.\.\.\.\.\.\.\.\.\.\.\.\.\.\.\.\.\.\.\.\.\.\.\.\.\.\.\.\.\.\.\.\.\.\.\.\.\.\.\.\.\.\.\.\.\.\.\.\.\.\.\.\.\.\.\.\.\.\.\.\.\.\.\.\.\.\.\.\.\.\.\.\.\.\.\.\.\.\.\.\.\.\.\.\.\.\.\.\.\.\.\.\.\.\.\.\.\.\.\.\.\.\.\.\.\.\.\.\.\.\.\.\.\.\.\.\.\.\.\.\.\.\.\.\.\.\.\.\.\.\.\.\.\.\.\.\.\.\.\.\.\.\.\.\.\.\.\.\.\.\.\.\.\.\.\.\.\.\.\.\.\.\.\.\.\.\.\.\.\.\.\.\.\.\.\.\.\.\.\.\.\.\.\.\.\.\.\.\.\.\.\.\.\.\.\.\.\.\.\.\.\.\.\.\.\.\.\.\.\.\.\.\.\.\.\.\.\.\.\.\.\.\.\.\.\.\.\.\.\.\.\.\.\.\.\.\.\.\.\.\.\.\.\.\.\.\.\.\.\.\.\.\.\.\.\.\.\.\.\.\.\.\.\.\.\.\.\.\.\.\.\.\.\.\.\.\.\.\.\.\.\.\.\.\.\.\.\.\.\.\.\.\.\.\.\.\.\.\.\.\.\.\.\.\.\.\.\.\.\.\.\.\.\.\.\.\.\.\.\.\.\.\.\.\.\.\.\.\.\.\.\.\.\.\.\.\.\.\.\.\.\.\.\.\.\.\.\.\.\.\.\.\.\.\.\.\.\.\.\.\.\.\.\.\.\.\.\.\.\.\.\.\.\.\.\.\.\.\.\.\.\.\.\.\.\.\.\.\.\.\.\.\.\.\.\.\.\.\.\.\.\.\.\.\.\.\.\.\.\.\.\.\.\.\.\.\.\.\.\.\.\.\.\.\.\/termsconditions/,1
106.51.132.54,7,https://paytm.com:443/unexisting/../../../../../../../../../../windows/win.ini.\.\.\.\.\.\.\.\.\.\.\.\.\.\.\.\.\.\.\.\.\.\.\.\.\.\.\.\.\.\.\.\.\.\.\.\.\.\.\.\.\.\.\.\.\.\.\.\.\.\.\.\.\.\.\.\.\.\.\.\.\.\.\.\.\.\.\.\.\.\.\.\.\.\.\.\.\.\.\.\.\.\.\.\.\.\.\.\.\.\.\.\.\.\.\.\.\.\.\.\.\.\.\.\.\.\.\.\.\.\.\.\.\.\.\.\.\.\.\.\.\.\.\.\.\.\.\.\.\.\.\.\.\.\.\.\.\.\.\.\.\.\.\.\.\.\.\.\.\.\.\.\.\.\.\.\.\.\.\.\.\.\.\.\.\.\.\.\.\.\.\.\.\.\.\.\.\.\.\.\.\.\.\.\.\.\.\.\.\.\.\.\.\.\.\.\.\.\.\.\.\.\.\.\.\.\.\.\.\.\.\.\.\.\.\.\.\.\.\.\.\.\.\.\.\.\.\.\.\.\.\.\.\.\.\.\.\.\.\.\.\.\.\.\.\.\.\.\.\.\.\.\.\.\.\.\.\.\.\.\.\.\.\.\.\.\.\.\.\.\.\.\.\.\.\.\.\.\.\.\.\.\.\.\.\.\.\.\.\.\.\.\.\.\.\.\.\.\.\.\.\.\.\.\.\.\.\.\.\.\.\.\.\.\.\.\.\.\.\.\.\.\.\.\.\.\.\.\.\.\.\.\.\.\.\.\.\.\.\.\.\.\.\.\.\.\.\.\.\.\.\.\.\.\.\.\.\.\.\.\.\.\.\.\.\.\.\.\.\.\.\.\.\.\.\.\.\.\.\.\.\.\.\.\.\.\.\.\.\.\.\.\.\.\.\.\.\.\.\.\.\.\.\.\.\.\.\.\.\.\.\.\.\.\.\.\.\.\.\.\.\.\.\.\.\.\.\.\.\.\.\.\.\.\.\.\.\.\.\.\.\.\.\.\.\.\.\.\.\.\.\.\.\.\.\.\.\.\.\.\.\.\.\.\.\.\.\.\.\.\.\.\.\.\.\.\.\.\.\.\.\.\.\.\.\.\.\.\.\.\.\.\.\.\.\.\.\.\.\.\.\.\.\.\.\.\.\.\.\.\.\.\.\.\.\.\.\.\.\.\.\.\.\.\.\.\.\.\.\.\.\.\.\.\.\.\.\.\.\.\.\.\.\.\.\.\.\.\.\.\.\.\.\.\.\.\.\.\.\.\.\.\.\.\.\.\.\.\.\.\.\.\.\.\.\.\.\.\.\.\.\.\.\.\.\.\.\.\.\.\.\.\.\.\.\.\.\.\.\.\.\.\.\.\.\.\.\.\.\.\.\.\.\.\.\.\.\.\.\.\.\.\.\.\.\.\.\.\.\.\.\.\.\.\.\.\.\.\.\.\.\.\.\.\.\.\.\.\.\.\.\.\.\.\.\.\.\.\.\.\.\.\.\.\.\.\.\.\.\.\.\.\.\.\.\.\.\.\.\.\.\.\.\.\.\.\.\.\.\.\.\.\.\.\.\.\.\.\.\.\.\.\.\.\.\.\.\.\.\.\.\.\.\.\.\.\.\.\.\.\.\.\.\.\.\.\.\.\.\.\.\.\.\.\.\.\.\.\.\.\.\.\.\.\.\.\.\.\.\.\.\.\.\.\.\.\.\.\.\.\.\.\.\.\.\.\.\.\.\.\.\.\.\.\.\.\.\.\.\.\.\.\.\.\.\.\.\.\.\.\.\.\.\.\.\.\.\.\.\.\.\.\.\.\.\.\.\.\.\.\.\.\.\.\.\.\.\.\.\.\.\.\.\.\.\.\.\.\.\.\.\.\.\.\.\.\.\.\.\.\.\.\.\.\.\.\.\.\.\.\.\.\.\.\.\.\.\.\.\.\.\.\.\.\.\.\.\.\.\.\.\.\.\.\.\.\.\.\.\.\.\.\.\.\.\.\.\.\.\.\.\.\.\.\.\.\.\.\.\.\.\.\.\.\.\.\.\.\.\.\.\.\.\.\.\.\.\.\.\.\.\.\.\.\.\.\.\.\.\.\.\.\.\.\.\.\.\.\.\.\.\.\.\.\.\.\.\.\.\.\.\.\.\.\.\.\.\.\.\.\.\.\.\.\.\.\.\.\.\.\.\.\.\.\.\.\.\.\.\.\.\.\.\.\.\.\.\.\.\.\.\.\.\.\.\.\.\.\.\.\.\.\.\.\.\.\.\.\.\.\.\.\.\.\.\.\.\.\.\.\.\.\.\.\.\.\.\.\.\.\.\.\.\.\.\.\.\.\.\.\.\.\.\.\.\.\.\.\.\.\.\.\.\.\.\.\.\.\.\.\.\.\.\.\.\.\.\.\.\.\.\.\.\.\.\.\.\.\.\.\.\.\.\.\.\.\.\.\.\.\.\.\.\.\.\.\.\.\.\.\.\.\.\.\.\.\.\.\.\.\.\.\.\.\.\.\.\.\.\.\.\.\.\.\.\.\.\.\.\.\.\.\.\.\.\.\.\.\.\.\.\.\.\.\.\.\.\.\.\.\.\.\.\.\.\.\.\.\.\.\.\.\.\.\.\.\.\.\.\.\.\.\.\.\.\.\.\.\.\.\.\.\.\.\.\.\.\.\.\.\.\.\.\.\.\.\.\.\.\.\.\.\.\.\.\.\.\.\.\.\.\.\.\.\.\.\.\.\.\.\.\.\.\.\.\.\.\.\.\.\.\.\.\.\.\.\.\.\.\.\.\.\.\.\.\.\.\.\.\.\.\.\.\.\.\.\.\.\.\.\.\.\.\.\.\.\.\.\.\.\.\.\.\.\.\.\.\.\.\.\.\.\.\.\.\.\.\.\.\.\.\.\.\.\.\.\.\.\.\.\.\.\.\.\.\.\.\.\.\.\.\.\.\.\.\.\.\.\.\.\.\.\.\.\.\.\.\.\.\.\.\.\.\.\.\.\.\.\.\.\.\.\.\.\.\.\.\.\.\.\.\.\.\.\.\.\.\.\.\.\.\.\.\.\.\.\.\.\.\.\.\.\.\.\.\.\.\.\.\.\.\.\.\.\.\.\.\.\.\.\.\.\.\.\.\.\.\.\.\.\.\.\.\.\.\.\.\.\.\.\.\.\.\.\.\.\.\.\.\.\.\.\.\.\.\.\.\.\.\.\.\.\.\.\.\.\.\.\.\.\.\.\.\.\.\.\.\.\.\.\.\.\.\.\.\.\.\.\.\.\.\.\.\.\.\.\.\.\.\.\.\.\.\.\.\.\.\.\.\.\.\.\.\.\.\.\.\.\.\.\.\.\.\.\.\.\.\.\.\.\.\.\.\.\.\.\.\.\.\.\.\.\.\.\.\.\.\.\.\.\.\.\.\.\.\.\.\.\.\.\.\.\.\.\.\.\.\.\.\.\.\.\.\.\.\.\.\.\.\.\.\.\.\.\.\.\.\.\.\.\.\.\.\.\.\.\.\.\.\.\.\.\.\.\.\.\.\.\.\.\.\.\.\.\.\.\.\.\.\.\.\.\.\.\.\.\.\.\.\.\.\.\.\.\.\.\.\.\.\.\.\.\.\.\.\.\.\.\.\.\.\.\.\.\.\.\.\.\.\.\.\.\.\.\.\.\.\.\.\.\.\.\.\.\.\.\.\.\.\.\.\.\.\.\.\.\.\.\.\.\.\.\.\.\.\.\.\.\.\.\.\.\.\.\.\.\.\.\.\.\.\.\.\.\.\.\.\.\.\.\.\.\.\.\.\.\.\.\.\.\.\.\.\.\.\.\.\.\.\.\.\.\.\.\.\.\.\.\.\.\.\.\.\.\.\.\.\.\.\.\.\.\.\.\.\.\.\.\.\.\.\.\.\.\.\.\.\.\.\.\.\.\.\.\.\.\.\.\.\.\.\.\.\.\.\.\.\.\.\.\.\.\.\.\.\.\.\.\.\.\.\.\.\.\.\.\.\.\.\.\.\.\.\.\.\.\.\.\.\.\.\.\.\.\.\.\.\.\.\.\.\.\.\.\.\.\.\.\.\.\.\.\.\.\.\.\.\.\.\.\.\.\.\.\.\.\.\.\.\.\.\.\.\.\.\.\.\.\.\.\.\.\.\.\.\.\.\.\.\.\.\.\.\.\.\.\.\.\.\.\.\.\.\.\.\.\.\.\.\.\.\.\.\.\.\.\.\.\.\.\.\.\.\.\.\.\.\.\.\.\.\.\.\.\.\.\.\.\.\.\.\.\.\.\.\.\.\.\.\.\.\.\.\.\.\.\.\.\.\.\.\.\.\.\.\.\.\.\.\.\.\.\.\.\.\.\.\.\.\.\.\.\.\.\.\.\.\.\.\.\.\.\.\.\.\.\.\.\.\.\.\.\.\.\.\.\.\.\.\.\.\.\.\.\.\.\.\.\.\.\.\.\.\.\.\.\.\.\.\.\.\.\.\.\.\.\.\.\.\.\.\.\.\.\.\.\.\.\.\.\/greencart/,1
106.51.132.54,7,https://paytm.com:443/shop/g/home-kitchen/the-home-store/big-day-kitchen-extra-1000%27%3bselect%20pg_sleep%284%29%3b%20--%20-off,1
106.51.132.54,7,https://paytm.com:443/%5e%28%23%24%21%40%23%24%29%28%28%29%29%29******/security/,1
106.51.132.54,7,https://paytm.com:443/shop/g/home-kitchen/..%2f..%2f%2f..%2f..%2f%2f..%2f..%2f%2f..%2f..%2f%2f..%2f..%2f%2f..%2f..%2f%2f..%2f..%2f%2f..%2f..%2f%2fetc%2fpasswd/premium-bedsheets-extra-35-off,1
106.51.132.54,7,https://paytm.com:443/shop/g%27%20and%20%28sleep%284%29%2b1%29%20limit%201%20--%20/brand-store/sports-fitness,1
107.167.103.198,8,https://paytm.com:443/paytmcash,1
122.175.147.199,29,https://paytm.com:443/offer/wp-content/plugins/wp-responsive-slider-with-lightbox/images/vl-box/loading.gif,1
122.175.147.199,29,https://paytm.com:443/offer/wp-content/plugins/wc-gallery/includes/css/magnific-popup.css?ver=0.9.9,1
163.47.13.187,44,https://paytm.com:443/offer/wp-content/plugins/images-thumbnail-sliderv1/css/images-thumbnail-sliderv1-style.css?ver=4.2.2,1
168.235.197.12,54,https://paytm.com:443/code?code=13b3e6fe-0a54-4c05-a188-cacbc646f56e,1
168.235.197.12,54,https://paytm.com:443/electricity,1
180.214.158.40,57,https://paytm.com:443/papi/rr/products/12916952/statistics?channel=web&version=2,1
180.87.253.211,61,https://paytm.com:443/offer/wp-content/plugins/wp-responsive-slider-with-lightbox/css/l-box-css.css?ver=4.2.2,1
202.56.234.62,71,https://paytm.com:443/offer/wp-includes/js/jquery/ui/mouse.min.js?ver=1.11.4,1
223.176.3.130,77,https://paytm.com:443/shop/logout?channel=web&version=2,1
54.169.78.51,81,https://paytm.com:443/shop/p/samsung-galaxy-tab-4-t231-white-CMPLXMOBSAMSUNG-GALADUMM141A595F03,1
54.169.78.51,81,https://paytm.com:443/shop/p/sandisk-ultra-microsd-16-gb-class-10-memory-card-STOSANDISK-ULTRSURY27398E910EB3A,1
54.169.78.51,81,https://paytm.com:443/shop/p/canon-digital-ixus-160-20-mp-point-shoot-camera-black-CMPLXCAMCANON-DIGITADUMM1413B2E30A0,1
54.169.78.51,82,https://paytm.com:443/shop/p/samsung-galaxy-grand-2-sm-g7102zdains-gold-SAMSUNG_SMG7102ZDAINS_8GB_GOLD_29901,1
54.169.78.51,82,https://paytm.com:443/shop/p/iball-6351-q40-tablet-grey-MOBIBALL-6351-QSYBE2066324A4AE9B,1
54.169.78.51,82,https://paytm.com:443/shop/p/intex-aqua-v3g-brown-MOBINTEX-AQUA-VPRAT25780D7F5015C,1
54.169.78.51,82,https://paytm.com:443/shop/p/samsung-galaxy-j1-4g-black-MOBSAMSUNG-GALADUMM141DD645330_29170,1
54.169.78.51,82,https://paytm.com:443/shop/p/huawei-e303f-e303fh-e303fh-1-14-4-mbps-3g-data-card-with-soft-wi-fi-white-COMHUAWEI-E303FDUMM141F3ACDEF9_46123,1
54.169.78.51,82,https://paytm.com:443/shop/p/samsung-z1-black-MOBSAMSUNG-Z1-BDUMM141F4F8E976_31022,1
54.169.78.51,82,https://paytm.com:443/shop/p/skullcandy-s2dudz-012-in-the-ear-wired-headphone-cmplxskullcandy_s2dudz-012_null_null,1
54.169.78.51,82,https://paytm.com:443/shop/p/asus-zenfone-6-a601cg-pure-white-MOBASUS-ZENFONECOST291046D93D3A7,1
54.169.78.51,82,https://paytm.com:443/shop/p/karbonn-titanium-s10-CMPLXKARBONN_TITANIUMS10_4GB_BLACK,1
54.169.78.51,82,https://paytm.com:443/shop/p/lg-g3-d855-android-32-gb-smart-phone-black-gold-MOBLG-G3-D855-ADUMM141BD521A5F_21649,1
54.169.78.51,82,https://paytm.com:443/shop/p/iball-slide-7236-2g-tablet-IBALL_SLIDE72362G_4GB_NULL_28999,1
54.169.78.51,82,https://paytm.com:443/shop/p/gionee-elife-s5-1-black-MOBGIONEE-ELIFEONLI32950DEB78259,1
54.169.78.51,84,https://paytm.com:443/shop/p/micromax-canvas-l-a108-blue-CMPLXMICROMAX_A108_8GB_BLUE,1
54.169.78.51,84,https://paytm.com:443/shop/p/iball-slide-3g-6095-d20-white-CMPLXIBALL_3G6095D20_8GB_WHITE,1
59.177.192.251,84,https://paytm.com:443/papi/rr/products/10117360/statistics?channel=web&version=2,1
1.22.61.70,1,https://paytm.com:443/papi/v1/promosearch/product/11104346/offers?parent_id=null,1
101.59.235.148,4,https://paytm.com:443/papi/v1/promosearch/product/7230045/offers?parent_id=0&price=495&channel=web&version=2,1
106.192.139.157,7,https://paytm.com:443/shop/cart,1
117.195.127.136,15,https://paytm.com:443/shop/cart,1
122.15.1.130,20,https://paytm.com:443/papi/v1/promosearch/product/11357788/offers?parent_id=10947986&price=28285&channel=web&version=2,1
175.45.33.68,38,https://paytm.com:443/,1
180.179.47.52,38,https://paytm.com:443/offer/wp-content/uploads/2015/07/autom.jpg,1
182.18.177.142,39,https://paytm.com:443/favicon.ico,1
182.72.166.206,40,https://paytm.com:443/papi/nps/merchantverification,1
188.40.135.194,43,https://paytm.com:443/papi/rr/products/10548208/statistics,1
188.40.135.194,44,https://paytm.com:443/papi/v1/promosearch/product/9754804/offers?parent_id=0&price=349,1
188.40.135.194,46,https://paytm.com:443/papi/v1/promosearch/product/8633339/offers?parent_id=8634670&price=769,1
192.193.164.9,46,https://paytm.com:443/offer/wp-includes/js/jquery/ui/widget.min.js?ver=1.11.4,1
49.201.230.216,65,https://paytm.com:443/shop/p/samsung-galaxy-note-3-n9000-blush-pink-cmplxsamsung_note3n9000_32gb_blushpink?utm_source=Affiliates&utm_medium=msp&utm_campaign=msp,1
52.74.59.227,67,https://paytm.com:443/shop/p/gionee-e7-mini-white-GIONEE_E7MINI_16GB_WHITE_22496,1
52.74.59.227,67,https://paytm.com:443/shop/p/htc-desire-816g-blue-HTC_DESIRE816G_8GB_BLUE_35059,1
52.74.59.227,67,https://paytm.com:443/shop/p/asus-fonepad-7-2014-fe170cg-tablet-red-MOBASUS-FONEPADCOST29104430F00A7,1
52.74.59.227,67,https://paytm.com:443/shop/p/lenovo-a390-black-cmplxlenovo_a390_4gb_black,1
52.74.59.227,67,https://paytm.com:443/shop/p/sony-xperia-z1-white-cmplxsony_xperiaz1_16gb_white,1
52.74.59.227,67,https://paytm.com:443/shop/p/seagate-backup-plus-slim-stdr1000303-1-tb-portable-external-hard-disk-red-Seagate_BackupPlusSlim_1TB_Red_135,1
52.74.59.227,67,https://paytm.com:443/shop/p/apple-iphone-6-plus-16-gb-space-grey-APPLE_IPHONE6PLUS_16GB_SPACEGREY_30213,1
52.74.59.227,67,https://paytm.com:443/shop/p/samsung-galaxy-core-2-sm-g355h-black-MOBSAMSUNG-GALALOOK33095378330C4,1
52.74.59.227,67,https://paytm.com:443/shop/p/strontium-memory-card-16-gb-micro-sd-class-10-STRONTIUM_MICROSDCLASS10_16GB_NULL_40136,1
52.74.59.227,67,https://paytm.com:443/shop/p/micromax-canvas-nitro-a310-pristine-white-MICROMAX_A310_8GB_PRISTINEWHITE_20663,1
52.74.59.227,68,https://paytm.com:443/shop/p/micromax-a311-canvas-nitro-blue-MOBMICROMAX-A31BEST23206F357B567,1
52.74.59.227,68,https://paytm.com:443/shop/p/spice-stellar-518-8-gb-black-CMPLXMOBSPICE-STELLADUMM141437F88E7,1
52.74.59.227,68,https://paytm.com:443/shop/p/sony-xperia-t2-ultra-purple-MOBSONY-XPERIA-DEAL23293A644DDC6,1
52.74.59.227,68,https://paytm.com:443/shop/p/onida-i407-4-gb-white-MOBONIDA-I407-4DUMM1416E288B6F_42466,1
52.74.59.227,68,https://paytm.com:443/shop/p/kent-gold-20-l-storage-water-purifier-blue-HOMKENT-GOLD-20EZEB32157203F5DDD,1
52.74.59.227,69,https://paytm.com:443/shop/p/celkon-a35k-CMPLXCELKON_A35K_512MB_BLACK,1
52.74.59.227,69,https://paytm.com:443/shop/p/blackberry-9850-CMPLXBLACKBERRY_9850_4MB_BLACK,1
66.249.71.110,72,https://paytm.com:443/shop/p/renka-black-knitted-kurta-CMPLXAPPRENKA-BLACK-ROSY2149350F1C1E4?_escaped_fragment_=,1
66.249.71.110,72,https://paytm.com:443/shop/p/kalazone-green-georgette-embroidery-festival-saree-WSAREE000WS20319KZGNFR?_escaped_fragment_=,1
66.249.71.110,72,https://paytm.com:443/shop/p/quamer-black-analog-digital-watch-WATQUAMER-BLACKRETA2026572E82EA6_45724,1
70.39.185.124,76,https://paytm.com:443/offer/wp-content/plugins/wp-awesome-faq/images/ui-bg_glass_55_fbf9ee_1x400.png,1
70.39.185.124,76,https://paytm.com:443/offer/wp-content/plugins/wp-awesome-faq/images/ui-icons_888888_256x240.png,1
103.31.214.106,12,https://paytm.com:443/shop/v1/frequentorders,2
115.250.54.100,25,https://paytm.com:443/offer/wp-content/plugins/contact-form-7/includes/css/styles.css?ver=4.0.3,1
117.218.107.23,27,https://paytm.com:443/,4
117.249.105.108,32,https://paytm.com:443/shop/orderdetail/1117836023?channel=web&version=2,1
14.98.57.43,46,https://paytm.com:443/shop/cart?channel=web&version=2,4
182.64.212.64,57,https://paytm.com:443/offer/wp-content/themes/twentytwelve/style.css?ver=4.2.2,1
182.75.22.242,62,https://paytm.com:443/papi/v1/promosearch/product/13434706/offers?parent_id=13433261&price=487&channel=web&version=2,1
223.176.42.192,79,https://paytm.com:443/papi/v1/expresscart/verify,5
70.39.186.55,96,https://paytm.com:443/offer/wp-content/plugins/wp-thumbnail-slider/js/wpt-js.js?ver=4.2.2,6
101.2.35.202,6,https://paytm.com:443/,2
106.219.38.2,12,https://paytm.com:443/offer/wp-includes/js/jquery/jquery.masonry.min.js?ver=3.1.2,1
106.67.108.68,12,https://paytm.com:443/offer/wp-content/plugins/wp-social-sharing/static/socialshare.js?ver=1.3,1
112.133.211.120,17,https://paytm.com:443/offer/wp-content/plugins/owl-carousel/css/owl.transitions.css?ver=4.2.2,1
116.202.34.18,24,https://paytm.com:443/papi/v1/promosearch/product/17510770/offers?parent_id=13466097,1
117.193.84.111,24,https://paytm.com:443/papi/v1/promosearch/product/12970718/offers?parent_id=12972112&price=519&channel=web&version=2,1
117.194.2.217,24,https://paytm.com:443/offer/wp-content/plugins/wp-image-slider-with-lightbox/js/jquery.lbox.min.js?ver=4.2.2,1
117.222.78.119,28,https://paytm.com:443/papi/rr/products/17449542/statistics?channel=web&version=2,1
120.57.207.201,37,https://paytm.com:443/shop/cart?channel=web&version=2,1
122.161.198.233,38,https://paytm.com:443/offer/wp-content/uploads/2015/07/ggg.jpg,1
124.30.140.210,40,https://paytm.com:443/offer/wp-content/plugins/wp-responsive-slider-with-lightbox/js/images-responsive-thumbnail-slider-plus-lightbox-jc.js?ver=4.2.2,1
14.139.60.61,40,https://paytm.com:443/offer/wp-content/uploads/2015/07/bargain.jpg,1
183.82.98.83,48,https://paytm.com:443/papi/v1/promosearch/product/14095076/offers?parent_id=12478694&price=8295&channel=web&version=2,1
223.177.182.83,59,https://paytm.com:443/papi/v1/promosearch/product/8082300/offers?parent_id=8082327&price=1795&channel=web&version=2,1
66.249.71.86,71,http://paytm.com:80/shop/p/adidas-white-polyester-shorts-size-s-APPADIDAS-WHITENEW-41020BDE4C869,1
1.38.22.65,1,https://paytm.com:443/offer/wp-content/uploads/2015/07/bedlinen.jpg,1
106.67.108.216,10,https://paytm.com:443/shop/wallet/balance?channel=web&version=2,1
113.193.19.232,19,https://paytm.com:443/shop/summary/1118050025,1
114.143.65.100,19,https://paytm.com:443/shop/cart?channel=web&version=2,5
117.198.122.114,23,https://paytm.com:443/papi/v1/promosearch/product/16223655/offers?parent_id=227412&price=32999&channel=web&version=2,1
117.242.1.5,27,https://paytm.com:443/offer/wp-content/plugins/wp-awesome-faq/accordion.js?ver=1,1
120.59.104.155,27,https://paytm.com:443/offer/wp-content/plugins/wp-social-sharing/static/socialshare.css?ver=1.3,2
122.167.99.50,27,https://paytm.com:443/offer/wp-content/uploads/2015/07/bb.png,1
14.96.17.7,32,https://paytm.com:443/,1
162.44.245.108,33,https://paytm.com:443/offer/wp-includes/js/jquery/ui/dialog.min.js?ver=1.11.4,1
163.47.15.179,33,https://paytm.com:443/,1
175.101.74.42,40,https://paytm.com:443/shop/cart?channel=web&version=2,3
182.18.179.28,40,https://paytm.com:443/,1
204.94.39.138,46,https://paytm.com:443/offer/wp-includes/js/jquery/ui/position.min.js?ver=1.11.4,1
223.29.198.217,48,https://paytm.com:443/api/user/favourite?channel=web&version=2,1
59.92.195.26,52,https://paytm.com:443/favicon.ico,1
115.187.33.160,41,https://paytm.com:443/offer/wp-content/plugins/easy-logo-slider/js/jcarousel.responsive.js?ver=4.2.2,1
115.252.160.146,42,https://paytm.com:443/papi/v1/promosearch/product/6909768/offers?parent_id=2851532&price=21489&channel=web&version=2,1
117.241.183.106,43,https://paytm.com:443/papi/v1/promosearch/product/13435838/offers?parent_id=7083142&price=670&channel=web&version=2,1
122.169.85.240,50,https://paytm.com:443/offer/wp-content/plugins/wp-image-slider-with-lightbox/css/slider-plus-lightbox-style.css?ver=4.2.2,1
213.236.92.183,73,https://paytm.com:443/shop/cart?channel=web&version=2,3
218.248.46.110,75,https://paytm.com:443/papi/v1/promosearch/product/16282777/offers?parent_id=16284009&price=1069&channel=web&version=2,1
223.223.141.14,77,https://paytm.com:443/shop/v1/frequentorders?channel=web&version=2,1
27.6.104.157,79,https://paytm.com:443/shop/logout?channel=web&version=2,1
27.97.113.87,79,https://paytm.com:443/shop/summary/1116635599,1
27.97.129.45,79,https://paytm.com:443/shop/p/bajaj-ecolux-15-watts-super-saver-cfl-set-of-4-HCLEANJECOLUX15WBBWTFR?utm_source=Affiliates&utm_medium=Payoom&utm_campaign=Payoom,1
52.74.219.71,82,https://paytm.com:443/papi,75
52.74.219.71,82,https://paytm.com:443/shop/p/sparx-black-grey-men-s-sports-sandal-size-9-MFLTRSSS_105BLACZZGR99,1
52.74.219.71,82,https://paytm.com:443/shop/p/mitashi-mide032v11-32-inch-led-tv-hd-ready-LARMITASHI-MIDEMITA202724F193FEF,1
52.74.219.71,82,https://paytm.com:443/papi/v1/promosearch/product/5376473/offers?parent_id=16223849&price=13990,1
52.74.219.71,82,https://paytm.com:443/papi/v1/promosearch/product/3830151/offers?parent_id=13169010&price=375,2
52.74.219.71,82,https://paytm.com:443/shop/p/do-bhai-shoebazaar-brown-textured-slip-on-shoes-size-10-MFRMAL1001_BROWNDHBR10,1
52.74.219.71,82,https://paytm.com:443/papi/v1/promosearch/product/8136973/offers?parent_id=4433158&price=18490,1
52.74.219.71,82,https://paytm.com:443/papi/v1/promosearch/product/3291656/offers?parent_id=3291859&price=299,1
52.74.219.71,83,https://paytm.com:443/shop/p/micromax-x253-black-MICROMAX_X253_NULL_BLACK_134,1
52.74.219.71,83,https://paytm.com:443/shop/p/goodit-wireless-charger-black-CMPLXGOODIT_WRLSQ1S3BLACK16_WIRELESS_BLACK,2
52.74.219.71,83,https://paytm.com:443/shop/p/sparx-navy-blue-men-s-sandals-size-10-msndal1_navybluediny10,1
52.74.219.71,83,https://paytm.com:443/shop/p/aawari-rama-green-cotton-kurti-CMPLXWKURTI0AAWARI015MYGN2L,1
52.74.219.71,83,https://paytm.com:443/papi/v1/promosearch/product/4362077/offers?parent_id=4362101&price=799,1
52.74.219.71,83,https://paytm.com:443/papi/v1/promosearch/product/26811/offers?parent_id=33688&price=1799,1
52.74.219.71,83,https://paytm.com:443/shop/p/pioneer-fl-07-insect-killer-HHDECRG376676601KDNAFR,2
52.74.219.71,83,https://paytm.com:443/shop/p/philips-e130-black-CMPLXPHILIPS_E130_NULL_BLACK_135,2
52.74.219.71,83,https://paytm.com:443/papi/v1/promosearch/product/4906034/offers?parent_id=4958768&price=299,1
52.74.219.71,83,https://paytm.com:443/papi/v1/promosearch/product/13097040/offers?parent_id=3941718&price=3000,1
52.74.219.71,83,https://paytm.com:443/papi/v1/promosearch/product/2269325/offers?parent_id=0&price=1006,1
52.74.219.71,84,https://paytm.com:443/papi,42
52.74.219.71,84,https://paytm.com:443/papi/v1/promosearch/product/4901531/offers?parent_id=0&price=10999,1
52.74.219.71,84,https://paytm.com:443/shop/p/eemli-elaichi-cardamom-1-kg-FESEEMLI-ELAICHEEML31620CC905459,1
52.74.219.71,85,https://paytm.com:443/shop/p/jovan-white-musk-deodorant-for-women-150-ml-BEAJOVAN-WHITE-JS-S213551582CD12,1
52.74.219.71,85,https://paytm.com:443/shop/p/nike-brown-casual-shoes-CMPLXFOONIKE-BROWN-CROMA242218539F833,2
52.74.219.71,85,https://paytm.com:443/shop/p/fiorella-green-flats-size-3-KFOOTR00000000G9RRGN33,1
52.74.219.71,85,https://paytm.com:443/papi/v1/promosearch/product/2588987/offers?parent_id=0&price=297,1
52.74.219.71,85,https://paytm.com:443/shop/p/palmtree-black-jacket-3-4-years-KIDPALMTREE-BLASAMR2577519F4BAD8,1
52.74.219.71,85,https://paytm.com:443/shop/p/relisales-complete-rain-suit-with-carry-bag-size-m-AUTRELISALES-COVIVA6768285D3891D,1
52.74.219.71,85,https://paytm.com:443/papi/v1/promosearch/product/12522505/offers?parent_id=7021043&price=349,1
52.74.219.71,85,https://paytm.com:443/papi/v1/promosearch/product/5716383/offers?parent_id=5716677&price=2595,1
52.74.219.71,85,https://paytm.com:443/papi/v1/promosearch/product/5032169/offers?parent_id=1907529&price=2065,1
52.74.219.71,85,https://paytm.com:443/shop/p/kenstar-kmu50w3s-500-w-mixer-grinder-white-3-jars-HOMKENSTAR-KMU5SREE24323FE031003,1
52.74.219.71,85,https://paytm.com:443/shop/p/dnu-long-rain-coat-suit-for-ladies-mens-CMPLXSPODNU-LONG-RAIDUMM31567699B3063,1
52.74.219.71,85,https://paytm.com:443/papi/v1/promosearch/product/11953933/offers?parent_id=10990885&price=399,1
52.74.219.71,85,https://paytm.com:443/papi/v1/promosearch/product/9054571/offers?parent_id=9054583&price=499,1
52.74.219.71,86,https://paytm.com:443/papi/v1/promosearch/product/7472812/offers?parent_id=11114750&price=949,1
52.74.219.71,86,https://paytm.com:443/shop/p/belkin-3-socket-surge-protector-CMPLXSOEOFSECO3SOCKETBKNAGR,1
52.74.219.71,86,https://paytm.com:443/papi/v1/promosearch/product/13105809/offers?parent_id=13105850&price=660,1
52.74.219.71,86,https://paytm.com:443/shop/p/skyways-classic-brown-wallet-ACCSKYWAYS-CLASSKYW2042567D0834F,1
52.74.219.71,86,https://paytm.com:443/papi/v1/promosearch/product/9694152/offers?parent_id=1370650&price=470,2
52.74.219.71,86,https://paytm.com:443/papi/v1/promosearch/product/7205504/offers?parent_id=13435976&price=1481,2
52.74.219.71,86,https://paytm.com:443/papi/v1/promosearch/product/9448497/offers?parent_id=9448585&price=5990,1
52.74.219.71,86,https://paytm.com:443/papi/v1/promosearch/product/16609758/offers?parent_id=9045236&price=784,2
52.74.219.71,86,https://paytm.com:443/papi/v1/promosearch/product/6275590/offers?parent_id=0&price=499,1
52.74.219.71,86,https://paytm.com:443/papi/v1/promosearch/product/11119753/offers?parent_id=9871927&price=40500,2
52.74.219.71,86,https://paytm.com:443/papi/v1/promosearch/product/4239075/offers?parent_id=4239641&price=359,1
52.74.219.71,86,https://paytm.com:443/papi/v1/promosearch/product/9107778/offers?parent_id=9107829&price=599,1
52.74.219.71,86,https://paytm.com:443/papi/v1/promosearch/product/13437430/offers?parent_id=5055093&price=4995,1
52.74.219.71,86,https://paytm.com:443/shop/p/xamax-regular-backrest-medium-HEAXAMAX-REGULADUMM31694AFBE08BF_26622,1
52.74.219.71,86,https://paytm.com:443/shop/p/fastrack-men-s-analog-watch-WATFASTRACK-MENNAYI266147F0D6DEC,1
52.74.219.71,86,https://paytm.com:443/shop/p/sparx-black-and-red-men-s-sandals-size-10-MSNDAL00I0002561RXBK10,1
52.74.219.71,86,https://paytm.com:443/shop/p/vega-full-face-off-road-dv-dull-black-helmet-size-m-AUTVEGA-FULL-FAVEGA605739B1D38CC,1
52.74.219.71,86,https://paytm.com:443/shop/p/fossil-brown-round-chronograph-watch-WATFOSSIL-BROWNBRAN5662044D7A3EE,1
52.74.219.71,86,https://paytm.com:443/papi/v1/promosearch/product/236435/offers?parent_id=0&price=1135,1
52.74.219.71,86,https://paytm.com:443/papi/v1/promosearch/product/2647689/offers?parent_id=2648503&price=903,1
52.74.219.71,86,https://paytm.com:443/papi/v1/promosearch/product/12598553/offers?parent_id=12598606&price=392,1
52.74.219.71,86,https://paytm.com:443/papi/v1/promosearch/product/9985245/offers?parent_id=9257765&price=1890,1
52.74.219.71,86,https://paytm.com:443/shop/p/a-textbook-of-power-plant-engineering-in-s-i-units-for-b-e-b-tech-u-p-s-c-engg-services-section-b-a-m-i-e-india-9788131802557_24035,1
52.74.219.71,86,https://paytm.com:443/shop/p/kasheruki-prani-vigyan-hindi-pb-CMPLXBOOKS_9788171337880,1
52.74.219.71,86,https://paytm.com:443/shop/p/karbonn-a11-1500-mah-original-mobile-battery-CMPLXKARBONN_7N7941_1500MAH_LITHIUMION,1
52.74.219.71,86,https://paytm.com:443/shop/p/orient-stand-32-3-blades-400-mm-pedestal-fan-white-HOMORIENT-STANDMAHA28044248EC145,1
52.74.219.71,86,https://paytm.com:443/shop/p/nokia-ac-60-universal-fast-usb-charger-black-NOKIA_AC-60_WIRED_BLACK_28554,1
52.74.219.71,86,https://paytm.com:443/shop/p/puma-green-and-black-slippers-size-6-FOOPUMA-GREEN-AOPEN417605F6162A7,1
52.74.219.71,86,https://paytm.com:443/shop/p/nature-pure-honey-squeeze-1-kg-FASNATURE-PURE-FOOD39339647C111D_33831,1
52.74.219.71,86,https://paytm.com:443/papi/v1/promosearch/product/2685787/offers?parent_id=2686340&price=281,1
52.74.219.71,86,https://paytm.com:443/papi/v1/promosearch/product/3955001/offers?parent_id=0&price=850,1
52.74.219.71,86,https://paytm.com:443/papi/v1/promosearch/product/5660217/offers?parent_id=5660234&price=289,2
52.74.219.71,86,https://paytm.com:443/papi/v1/promosearch/product/11149348/offers?parent_id=10521292&price=649,1
52.74.219.71,86,https://paytm.com:443/papi/v1/promosearch/product/11380254/offers?parent_id=0&price=1099,1
52.74.219.71,86,https://paytm.com:443/shop/p/zovi-black-cotton-t-shirt-size-s-APPZOVI-BLACK-CZOVI1061D67A6E4,1
52.74.219.71,86,https://paytm.com:443/shop/p/bacca-bucci-black-formal-shoes-size-7-FOOBACCA-BUCCI-NATR200902C172BF6,1
52.74.219.71,86,https://paytm.com:443/shop/p/venky-s-iron-man-4-4-lbs-chocolate-HWPVSTHL_VENKYI1NANANA_22768,1
52.74.219.71,86,https://paytm.com:443/shop/p/google-nexus-9-tab-black-MOBGOOGLE-NEXUSGN-S26787A10ED542,1
52.74.219.71,86,https://paytm.com:443/shop/p/xiaomi-20800-mah-power-bank-red-CMPLXMOBXIAOMI-20800DUMM141747C6B11,1
52.74.219.71,86,https://paytm.com:443/papi/v1/promosearch/product/3270512/offers?parent_id=0&price=199,2
52.74.219.71,86,https://paytm.com:443/shop/p/microsoft-3500-wireless-black-cmplxmicrosoft_3500_null_black,1
52.74.219.71,86,https://paytm.com:443/papi/v1/promosearch/product/4919906/offers?parent_id=1997537&price=2599,1
52.74.219.71,86,https://paytm.com:443/shop/p/koutons-pack-of-3-denim-jeans-CMPLXAPPKOUTONS-PACKSMIL23873654D006,1
52.74.219.71,86,https://paytm.com:443/papi/v1/promosearch/product/4464322/offers?parent_id=7220986&price=865,1
52.74.219.71,86,https://paytm.com:443/papi/v1/promosearch/product/6033473/offers?parent_id=0&price=629,1
52.74.219.71,86,https://paytm.com:443/papi/v1/promosearch/product/2850292/offers?parent_id=12914275&price=4999,2
52.74.219.71,86,https://paytm.com:443/papi/v1/promosearch/product/6318161/offers?parent_id=0&price=495,2
52.74.219.71,86,https://paytm.com:443/shop/p/borosil-deep-round-casserole-with-flat-lid-2-5-ltr-CMPLXHROCAS0000101257REWTFR,1
52.74.219.71,86,https://paytm.com:443/papi/v1/promosearch/product/5244903/offers?parent_id=1850649&price=325,1
52.74.219.71,86,https://paytm.com:443/shop/p/reebok-grey-mesh-and-textile-sport-CMPLXFOOREEBOK-GREY-HAPP33881B6FAB055,1
52.74.219.71,86,https://paytm.com:443/shop/p/zovi-black-carrot-striped-polo-t-shirt-CMPLXMTSHRT0307369401ZWBK2L,1
52.74.219.71,87,https://paytm.com:443/shop/p/woodland-camel-leather-sandals-size-9-MSNDAL1129112CAMSMGO99,1
52.74.219.71,87,https://paytm.com:443/shop/p/gods-and-goddesses-CMPLXBOOKS_9788184823240,1
52.74.219.71,87,https://paytm.com:443/papi/v1/promosearch/product/8539879/offers?parent_id=8539918&price=999,1
52.74.219.71,87,https://paytm.com:443/shop/p/lee-cooper-women-s-leather-tan-loafers-size-3-FOOLEE-COOPER-WY-S-20099F0E1247D,1
52.74.219.71,87,https://paytm.com:443/papi/v1/promosearch/product/1909660/offers?parent_id=16221362&price=440,4
52.74.219.71,87,https://paytm.com:443/papi/v1/promosearch/product/5383261/offers?parent_id=5383267&price=886,1
52.74.219.71,87,https://paytm.com:443/shop/p/indian-women-pink-and-black-jacquard-saree-WSAREE0000050014IWPKFR,1
52.74.219.71,87,https://paytm.com:443/shop/p/bendly-grey-sling-bag-BAGBENDLY-GREY-NPPL24144A26D567E,2
52.74.219.71,87,https://paytm.com:443/shop/p/hp-8gb-micro-sd-card-40mb-s-class-10-CMPLXHP_MICROSD_8GB_NULL_23864,1
52.74.219.71,87,https://paytm.com:443/papi/v1/promosearch/product/7546673/offers?parent_id=251869&price=4898,1
52.74.219.71,87,https://paytm.com:443/papi/v1/promosearch/product/8196141/offers?parent_id=8196166&price=399,1
52.74.219.71,87,https://paytm.com:443/shop/p/reebok-grey-sport-shoes-size-7-FOOREEBOK-GREY-STIC37389E73EAD5D,1
52.74.219.71,87,https://paytm.com:443/shop/p/dream-decor-cotton-pack-of-4-designer-double-bedsheet-with-8-pillow-covers-HOMDREAM-DECOR-HAND202195B63D953,1
52.74.219.71,87,https://paytm.com:443/shop/p/reynolds-045-ball-pens-pack-of-100-STAREYNOLDS-045R-S-388928A639CBD,1
52.74.219.71,87,https://paytm.com:443/shop/p/pigeon-wondercast-7-rounds-panniyarkal-HHDECOB00F2FAB3YPINAFR_25370,1
52.74.219.71,87,https://paytm.com:443/shop/p/puma-black-sport-shoes-size-11-FOOPUMA-BLACK-SR-H-221526FDDDE24,1
52.74.219.71,87,https://paytm.com:443/papi/v1/promosearch/product/998048/offers?parent_id=1437138&price=500,2
52.74.219.71,87,https://paytm.com:443/papi/v1/promosearch/product/10257357/offers?parent_id=11048510&price=399,1
52.74.219.71,87,https://paytm.com:443/papi/v1/promosearch/product/9236745/offers?parent_id=9236746&price=25690,1
52.74.219.71,87,https://paytm.com:443/papi/v1/promosearch/product/15571516/offers?parent_id=10013577&price=2695,1
52.74.219.71,87,https://paytm.com:443/shop/p/htc-desire-820-white-HTC_DESIRE820_16GB_WHITE_23206,1
52.74.219.71,87,https://paytm.com:443/papi/v1/promosearch/product/9834749/offers?parent_id=0&price=1345,1
52.74.219.71,87,https://paytm.com:443/papi/v1/promosearch/product/8302097/offers?parent_id=4246263&price=704,1
52.74.219.71,87,https://paytm.com:443/shop/p/toshiba-hdtb110ak3ba-canvio-basics-1-tb-hard-disk-black-STOTOSHIBA-HDTBDUMM14171F59A74_35005,1
52.74.219.71,87,https://paytm.com:443/shop/p/shoponbit-black-and-red-unstitched-anarkali-suit-APPSHOPONBIT-BLSHOP3455928AA659E,1
52.74.219.71,87,https://paytm.com:443/papi/v1/promosearch/product/9403327/offers?parent_id=9403337&price=375,1
52.74.219.71,87,https://paytm.com:443/papi/v1/promosearch/product/37434/offers?parent_id=39929&price=299,1
52.74.219.71,87,https://paytm.com:443/shop/p/zovi-grey-sport-shoes-size-7-FOOZOVI-GREY-SPZOVI608575B69D957,1
52.74.219.71,87,https://paytm.com:443/shop/p/gritstones-steel-grey-and-navy-henley-t-shirts-size-m-MTSHRTENWSGRYNVYDCGRMM,1
52.74.219.71,87,https://paytm.com:443/papi/v1/promosearch/product/9027634/offers?parent_id=0&price=399,1
52.74.219.71,87,https://paytm.com:443/shop/p/deb-yellow-cotton-t-shirt-size-xl-APPDEB-YELLOW-CMAA-29395CFBB116C,1
52.74.219.71,87,https://paytm.com:443/papi/v1/promosearch/product/9027645/offers?parent_id=0&price=399,1
52.74.219.71,87,https://paytm.com:443/papi/v1/promosearch/product/11397289/offers?parent_id=252008&price=4390,1
52.74.219.71,87,https://paytm.com:443/shop/p/aaa-mega-spin-magic-cleaning-mop-HOTHRS0000001101MENAFR_40621,1
52.74.219.71,87,https://paytm.com:443/papi/v1/promosearch/product/11746963/offers?parent_id=2125637&price=234,1
52.74.219.71,87,https://paytm.com:443/papi/v1/promosearch/product/12183714/offers?parent_id=12183752&price=225,1
52.74.219.71,88,https://paytm.com:443/shop/p/libero-open-diapers-s-5-s-x-5-combo-KIDLIBERO-OPEN-AKG-31044DA850990,2
52.74.219.71,88,https://paytm.com:443/shop/p/nikon-af-zoom-nikkor-70-300-mm-f-4-5-6g-lens-black-NIKON_AFZOOMNIKKOR70300MMF456G_ZOOM_BLACK_20605,3
52.74.219.71,88,https://paytm.com:443/shop/p/jockey-pack-of-4-modern-classic-trunk-size-80-85-APPJOCKEY-PACK-RUPA234593E323471,2
52.74.219.71,88,https://paytm.com:443/papi/v1/promosearch/product/7440866/offers?parent_id=0&price=2635,3
52.74.219.71,88,https://paytm.com:443/papi/v1/promosearch/product/449485/offers?parent_id=9552386&price=2250,1
52.74.219.71,88,https://paytm.com:443/shop/p/nike-grey-and-orange-sport-shoes-size-7-FOONIKE-GREY-ANDEAL23952CC2FD51A,1
52.74.219.71,88,https://paytm.com:443/shop/p/bajaj-fx11-food-factory-food-processor-600-w-white-BAJAJ_FX11_600W_WHITE_41345,1
52.74.219.71,88,https://paytm.com:443/shop/p/lakme-truewear-nail-color-crush-11-9m-BEALAKME-TRUEWEUZKO359922C1CCD29,1
52.74.219.71,88,https://paytm.com:443/shop/p/ten-gorgeous-black-sandals-size-4-WSNDALNBLSWBLK02TXBK44,2
52.74.219.71,88,https://paytm.com:443/shop/p/brunte-police-car-j218-black-KIDBRUNTE-POLICTOYS210753143AFC5_26453,1
52.74.219.71,88,https://paytm.com:443/shop/p/zany-home-fab-double-bed-sheet-with-2-pillow-covers-set-of-3-HOMZANY-HOME-FAVEE-49122BBFBEF0,1
52.74.219.71,88,https://paytm.com:443/shop/p/tupperware-classic-2-containers-lunch-box-HOMTUPPERWARE-CASC41153BAD98A36,1
52.74.219.71,88,https://paytm.com:443/papi/v1/promosearch/product/7509805/offers?parent_id=0&price=1249,1
52.74.219.71,88,https://paytm.com:443/shop/p/feetoz-men-s-yellow-canvas-shoes-CMPLXMCASULFETZ_00008FZYL10,2
52.74.219.71,88,https://paytm.com:443/shop/p/sparx-gray-silver-sports-shoes-CMPLXFOOSPARX-GRAY-SFW24701F71FEFA2,2
52.74.219.71,88,https://paytm.com:443/papi/v1/promosearch/product/10990757/offers?parent_id=10990866&price=718,1
52.74.219.71,88,https://paytm.com:443/papi/v1/promosearch/product/4497182/offers?parent_id=4497421&price=1259,1
52.74.219.71,88,https://paytm.com:443/papi/v1/promosearch/product/8652024/offers?parent_id=0&price=1395,1
52.74.219.71,88,https://paytm.com:443/shop/p/hamilton-beach-49980-in-2-way-brewer-mug-and-12-cup-espresso-maker-HAMILTONBEACH_49980IN_NULL_NULL_21451,1
52.74.219.71,88,https://paytm.com:443/papi/v1/promosearch/product/14948588/offers?parent_id=1674743&price=395,2
52.74.219.71,88,https://paytm.com:443/shop/p/btwin-50-women-rockrider-mountain-bike-CMPLXSPOBTWIN-50-WOMDUMM3156793ED1951,2
52.74.219.71,88,https://paytm.com:443/papi/v1/promosearch/product/17109266/offers?parent_id=8880226&price=668,1
52.74.219.71,88,https://paytm.com:443/shop/p/skmei-brown-round-shape-watch-WATSKMEI-BROWN-NDMA2067560EE6D08,1
52.74.219.71,88,https://paytm.com:443/papi/v1/promosearch/product/5422081/offers?parent_id=0&price=299,1
52.74.219.71,88,https://paytm.com:443/papi/v1/promosearch/product/2870090/offers?parent_id=2870163&price=120,1
52.74.219.71,88,https://paytm.com:443/papi/v1/promosearch/product/12063165/offers?parent_id=12063166&price=9395,1
52.74.219.71,89,https://paytm.com:443/papi/v1/promosearch/product/8646367/offers?parent_id=8646446&price=999,2
52.74.219.71,89,https://paytm.com:443/papi/v1/promosearch/product/12631250/offers?parent_id=9323174&price=999,1
52.74.219.71,89,https://paytm.com:443/shop/p/fashion-stylus-blue-slim-fit-mid-rise-solid-casual-women-s-jeggings-size-36-WJEGNG0000FST603RTBL36,1
52.74.219.71,89,https://paytm.com:443/shop/p/dell-inspiron-15-3542-notebook-4th-gen-ci7-8gb-1tb-win8-1-2gb-graph-DELL_3542781TB2S_8GBDDR3_BLACK_21258,2
52.74.219.71,89,https://paytm.com:443/papi/v1/promosearch/product/9878614/offers?parent_id=9878631&price=360,1
52.74.219.71,89,https://paytm.com:443/shop/p/the-principles-of-exercise-therapy-CMPLXBOOKS_9788123908939,2
52.74.219.71,89,https://paytm.com:443/shop/p/woodland-men-olive-green-casual-shoes-size-10-MCSUAL0926110Y14ZZOG10_23952,1
52.74.219.71,89,https://paytm.com:443/papi/v1/promosearch/product/11048279/offers?parent_id=7340862&price=30675,2
52.74.219.71,89,https://paytm.com:443/shop/p/fastrack-6094sl01-analog-watches-WATFASTRACK-609A-R-40922BC9B350B,2
52.74.219.71,89,https://paytm.com:443/papi/v1/promosearch/product/7057201/offers?parent_id=7057252&price=159,1
52.74.219.71,89,https://paytm.com:443/papi/v1/promosearch/product/5591600/offers?parent_id=0&price=790,1
52.74.219.71,89,https://paytm.com:443/shop/p/oriflame-pure-nature-tropical-fruits-facial-kit-CMPLXBEAORIFLAME-PURCROS217085C836F0C,1
61.12.45.98,91,https://paytm.com:443/offer/wp-content/plugins/contact-form-7/includes/js/scripts.js?ver=4.0.3,1
70.39.187.219,95,https://paytm.com:443/offer/wp-content/plugins/contact-form-7/includes/js/jquery.form.min.js?ver=3.51.0-2014.06.20,1
52.74.219.71,87,https://paytm.com:443/shop/p/milton-double-decker-tiffin-box-set-3-pieces-capacity-each-box-200-ml-HLUNBXF_FST_0046FCNA20,1
52.74.219.71,87,https://paytm.com:443/shop/p/reinforced-concrete-structures-vol-ii-9788131806661_27017,1
52.74.219.71,88,https://paytm.com:443/shop/p/numero-uno-orange-cotton-t-shirt-size-s-APPNUMERO-UNO-OFASH203443FCA781E,1
1.39.96.78,2,https://paytm.com:443/favicon.ico,1
101.222.233.108,2,https://paytm.com:443/shop/log,1
106.208.188.238,10,https://paytm.com:443/api/v1/expresscart/checkout?wallet=1,1
112.79.38.80,23,https://paytm.com:443/offer/wp-content/uploads/2015/05/bg_gg_v1.gif,1
116.202.117.41,23,https://www.paytm.com:443/,1
116.73.158.148,23,https://paytm.com:443/offer/wp-content/uploads/2015/07/logo49.gif,1
117.216.62.104,25,https://paytm.com:443/offer/wp-content/plugins/wp-image-slider-with-lightbox/js/slider-plus-lightbox-js.js?ver=4.2.2,1
117.234.103.165,25,https://paytm.com:443/offer/wp-content/plugins/owl-carousel/css/owl.theme.css?ver=4.2.2,1
117.241.253.40,25,https://paytm.com:443/offer/wp-content/uploads/2015/07/autom.jpg,1
128.199.197.193,33,https://paytm.com:443/papi/v1/promosearch/product/15897575/offers?parent_id=10074286&price=7990&channel=web&version=2,1
175.41.133.20,69,https://paytm.com:443/,1
196.15.16.101,72,https://paytm.com:443/shop/ad/paytmAd?cat=bus1&paytm=new,1
202.65.140.55,79,https://paytm.com:443/offer/wp-content/plugins/wp-awesome-faq/accordion.js?ver=1,1
202.65.140.55,79,https://paytm.com:443/offer/wp-content/plugins/wp-thumbnail-slider/js/wpt-js.js?ver=4.2.2,1
203.197.245.20,91,https://paytm.com:443/offer/wp-content/plugins/images-thumbnail-sliderv1/js/jc.js?ver=4.2.2,1
203.197.245.20,92,https://paytm.com:443/shop/cart?channel=web&version=2,5
27.7.39.222,95,https://paytm.com:443/shop,1
49.206.29.221,103,https://paytm.com:443/papi/nps/merchantrating?merchant_id=208&channel=web&version=2,4
59.160.207.49,106,https://paytm.com:443/shop/p/krishna-fashion-red-and-cream-saree-APPKRISHNA-FASHRADH66447AC3192CD,2
1.38.21.81,1,https://paytm.com:443/paytmwallet,1
101.56.182.77,10,https://paytm.com:443/papi/v1/promosearch/product/316062/offers?parent_id=316563&price=1274&channel=web&version=2,1
122.164.164.186,31,https://paytm.com:443/opensearch.xml,1
122.172.101.114,31,https://paytm.com:443/?utm_medium=affiliate&utm_source=Netcore_mailer&utm_campaign=ElectronicSale-20072015&utm_term=aff3-E,2
122.179.101.225,31,https://paytm.com:443/shop/h/electronics?utm_source=Affiliates&utm_medium=VCOMM&utm_campaign=VCOMM-generic&utm_term=24890,1
125.19.99.82,35,https://paytm.com:443/shop/wallet/balance?channel=web&version=2,4
125.19.99.82,36,https://paytm.com:443/papi/v1/promosearch/product/13070977/offers?parent_id=10922606&price=11749&channel=web&version=2,1
14.139.41.124,44,https://paytm.com:443/shop/wallet/txnhistory?page_size=10&page_number=0&channel=web&version=2,1
202.46.23.54,67,https://paytm.com:443/shop/logout?channel=web&version=2,1
202.46.23.54,69,https://paytm.com:443/papi/nps/merchantrating?merchant_id=25154&channel=web&version=2,3
203.76.188.226,73,https://paytm.com:443/shop/summary/1117854897,1
220.225.126.138,74,https://paytm.com:443/shop/cart,9
27.107.167.1,78,https://paytm.com:443/shop/login?isIframe=true&theme=mp-web,2
27.48.198.199,78,https://paytm.com:443/papi/nps/merchantrating?merchant_id=58261&channel=web&version=2,2
43.243.38.184,78,https://paytm.com:443/shop/login?isIframe=true&theme=mp-web,1
59.93.134.183,80,https://paytm.com:443/shop/cart?channel=web&version=2,1
1.23.3.143,0,https://paytm.com:443/shop/p/zovi-pink-cotton-t-shirt-size-m-APPZOVI-PINK-COZOVI10699BB3BBF,1
1.39.61.189,8,https://paytm.com:443/offer/wp-content/plugins/owl-carousel/js/script.js?ver=4.2.2,1
101.56.164.73,11,https://paytm.com:443/api/v1/expresscart/checkout?wallet=1,1
103.16.71.17,12,https://paytm.com:443/shop/orderdetail/1117841241?channel=web&version=2,1
106.78.110.50,18,https://paytm.com:443/offer/wp-content/plugins/wp-responsive-slider-with-lightbox/js/images-responsive-thumbnail-slider-plus-lightbox-jc.js?ver=4.2.2,1
106.78.110.50,19,https://paytm.com:443/shop/log,1
107.167.107.165,19,https://paytm.com:443/offer/wp-content/uploads/2015/05/tastykhana.jpg,2
107.167.108.229,27,https://paytm.com:443/offer/wp-content/plugins/owl-carousel/css/owl.theme.css?ver=4.2.2,1
107.167.108.229,27,https://paytm.com:443/offer/wp-content/plugins/wonderplugin-carousel/engine/wonderplugincarousel.js?ver=3.8,1
117.214.2.126,45,https://paytm.com:443/shop?utm_source=Affiliates&utm_medium=VCOMM&utm_campaign=VCOMM&utm_term=24890,1
117.220.228.5,46,https://paytm.com:443/images/greyStar.png,1
117.255.254.53,46,http://www.paytm.com:80/,1
119.81.61.166,47,https://paytm.com:443/papi//v1/promosearch/product/6730821/offers?parent_id=6226592&price=15488,1
119.81.61.166,47,https://paytm.com:443/papi//v1/promosearch/product/9245769/offers?parent_id=228034&price=26224,1
119.81.61.166,47,https://paytm.com:443/papi//v1/promosearch/product/7451665/offers?parent_id=3412237&price=1080,1
119.81.61.166,47,https://paytm.com:443/papi//v1/promosearch/product/11998028/offers?parent_id=4994871&price=11467,1
119.81.61.166,47,https://paytm.com:443/papi//v1/promosearch/product/13169331/offers?parent_id=11386095&price=23696,1
119.81.61.166,47,https://paytm.com:443/papi//v1/promosearch/product/6561441/offers?parent_id=1926289&price=3299,1
119.81.61.166,47,https://paytm.com:443/papi//v1/promosearch/product/12062544/offers?parent_id=8140958&price=18101,1
119.81.61.166,47,https://paytm.com:443/papi//v1/promosearch/product/11555711/offers?parent_id=223958&price=38548,1
119.81.61.166,47,https://paytm.com:443/papi//v1/promosearch/product/14743861/offers?parent_id=8595295&price=9194,1
119.81.61.166,47,https://paytm.com:443/papi//v1/promosearch/product/3586583/offers?parent_id=1917628&price=9710,1
119.81.61.166,47,https://paytm.com:443/papi//v1/promosearch/product/11996176/offers?parent_id=251963&price=7990,1
119.81.61.166,47,https://paytm.com:443/papi//v1/promosearch/product/4972156/offers?parent_id=0&price=1999,1
119.81.61.166,47,https://paytm.com:443/papi//v1/promosearch/product/5254301/offers?parent_id=256198&price=6523,1
119.81.61.166,47,https://paytm.com:443/papi//v1/promosearch/product/6618446/offers?parent_id=5254231&price=1699,1
119.81.61.166,47,https://paytm.com:443/papi//v1/promosearch/product/6301340/offers?parent_id=5396645&price=349,1
119.81.61.166,48,https://paytm.com:443/papi//v1/promosearch/product/16223522/offers?parent_id=5660235&price=300,1
119.81.61.166,48,https://paytm.com:443/papi//v1/promosearch/product/12062681/offers?parent_id=8790183&price=54980,1
119.81.61.166,48,https://paytm.com:443/papi//v1/promosearch/product/6219757/offers?parent_id=5580071&price=6800,1
119.81.61.166,48,https://paytm.com:443/papi//v1/promosearch/product/10924856/offers?parent_id=8526004&price=7150,1
119.81.61.166,48,https://paytm.com:443/papi//v1/promosearch/product/1446011/offers?parent_id=227921&price=23177,1
119.81.61.166,48,https://paytm.com:443/papi//v1/promosearch/product/13056577/offers?parent_id=8361075&price=76857,1
119.81.61.166,48,https://paytm.com:443/papi//v1/promosearch/product/14508505/offers?parent_id=6917281&price=35899,1
119.81.61.166,49,https://paytm.com:443/papi//v1/promosearch/product/9243946/offers?parent_id=7913817&price=3099,1
119.81.61.166,49,https://paytm.com:443/papi//v1/promosearch/product/5314552/offers?parent_id=0&price=1429,1
119.81.61.166,49,https://paytm.com:443/papi//v1/promosearch/product/6308056/offers?parent_id=5319387&price=30780,1
119.81.61.166,49,https://paytm.com:443/papi//v1/promosearch/product/14786518/offers?parent_id=2526231&price=7409,1
119.81.61.166,49,https://paytm.com:443/papi//v1/promosearch/product/9245777/offers?parent_id=1926291&price=13065,1
119.81.61.166,49,https://paytm.com:443/papi//v1/promosearch/product/10612125/offers?parent_id=226170&price=17000,1
119.81.61.166,49,https://paytm.com:443/papi//v1/promosearch/product/9245857/offers?parent_id=3279453&price=5663,1
119.81.61.166,49,https://paytm.com:443/papi//v1/promosearch/product/16686018/offers?parent_id=0&price=1299,1
119.81.61.166,50,https://paytm.com:443/papi//v1/promosearch/product/12271067/offers?parent_id=3157308&price=5790,1
119.81.61.166,50,https://paytm.com:443/papi//v1/promosearch/product/8920713/offers?parent_id=3279421&price=10333,1
119.81.61.166,50,https://paytm.com:443/papi//v1/promosearch/product/9407158/offers?parent_id=5255175&price=11800,1
119.81.61.166,51,https://paytm.com:443/papi//v1/promosearch/product/12634953/offers?parent_id=8112188&price=37195,2
119.81.61.166,51,https://paytm.com:443/papi//v1/promosearch/product/8665414/offers?parent_id=5179329&price=244,1
119.81.61.166,51,https://paytm.com:443/papi//v1/promosearch/product/12709200/offers?parent_id=7304720&price=58936,2
119.81.61.166,51,https://paytm.com:443/papi//v1/promosearch/product/8189490/offers?parent_id=1888919&price=5069,1
119.81.61.166,51,https://paytm.com:443/papi//v1/promosearch/product/6520255/offers?parent_id=3586650&price=4799,1
119.81.61.166,51,https://paytm.com:443/papi//v1/promosearch/product/8551403/offers?parent_id=2974438&price=4637,1
119.81.61.166,51,https://paytm.com:443/papi//v1/promosearch/product/12631604/offers?parent_id=6911297&price=6549,1
119.81.61.166,51,https://paytm.com:443/papi//v1/promosearch/product/12851148/offers?parent_id=12851150&price=570,1
119.81.61.166,51,https://paytm.com:443/papi//v1/promosearch/product/13169124/offers?parent_id=335861&price=1290,1
119.81.61.166,51,https://paytm.com:443/papi//v1/promosearch/product/3929775/offers?parent_id=3882329&price=57767,1
119.81.61.166,51,https://paytm.com:443/papi//v1/promosearch/product/17218785/offers?parent_id=17218786&price=18087,1
119.81.61.166,51,https://paytm.com:443/papi//v1/promosearch/product/11403949/offers?parent_id=8728266&price=5325,1
119.81.61.166,52,https://paytm.com:443/papi//v1/promosearch/product/8246327/offers?parent_id=2150026&price=6925,2
119.81.61.166,52,https://paytm.com:443/papi//v1/promosearch/product/8197087/offers?parent_id=6622963&price=9999,2
119.81.61.166,52,https://paytm.com:443/papi//v1/promosearch/product/10228520/offers?parent_id=228023&price=13990,1
119.81.61.166,52,https://paytm.com:443/papi//v1/promosearch/product/13499043/offers?parent_id=286992&price=20238,2
119.81.61.166,52,https://paytm.com:443/papi//v1/promosearch/product/7597605/offers?parent_id=1600568&price=8135,2
119.81.61.166,52,https://paytm.com:443/papi//v1/promosearch/product/9084197/offers?parent_id=8497774&price=15199,2
119.81.61.166,52,https://paytm.com:443/papi//v1/promosearch/product/7108654/offers?parent_id=7108665&price=2617,1
119.81.61.166,52,https://paytm.com:443/papi//v1/promosearch/product/9927499/offers?parent_id=5703514&price=9190,1
119.81.61.166,52,https://paytm.com:443/papi//v1/promosearch/product/8353713/offers?parent_id=2726307&price=4406,1
119.81.61.166,52,https://paytm.com:443/papi//v1/promosearch/product/7075439/offers?parent_id=6917542&price=7599,2
119.81.61.166,52,https://paytm.com:443/papi//v1/promosearch/product/16923604/offers?parent_id=227812&price=931,2
119.81.61.166,52,https://paytm.com:443/papi//v1/promosearch/product/14783898/offers?parent_id=14783899&price=1999,1
119.81.61.166,52,https://paytm.com:443/papi//v1/promosearch/product/9118338/offers?parent_id=6226598&price=9650,2
119.81.61.166,52,https://paytm.com:443/papi//v1/promosearch/product/6691018/offers?parent_id=6226593&price=14890,3
119.81.61.166,52,https://paytm.com:443/papi//v1/promosearch/product/12914199/offers?parent_id=4433054&price=1300,2
119.81.61.166,52,https://paytm.com:443/papi//v1/promosearch/product/8189258/offers?parent_id=4299417&price=10989,2
119.81.61.166,52,https://paytm.com:443/papi//v1/promosearch/product/12788315/offers?parent_id=3157307&price=5779,3
119.81.61.166,52,https://paytm.com:443/papi//v1/promosearch/product/13496817/offers?parent_id=3882329&price=45900,1
119.81.61.166,52,https://paytm.com:443/papi//v1/promosearch/product/12850928/offers?parent_id=8849352&price=3598,2
119.81.61.166,52,https://paytm.com:443/papi//v1/promosearch/product/15795155/offers?parent_id=12392280&price=1974,2
119.81.61.166,52,https://paytm.com:443/papi//v1/promosearch/product/16269074/offers?parent_id=251048&price=484,2
119.81.61.166,52,https://paytm.com:443/papi//v1/promosearch/product/8851028/offers?parent_id=227969&price=1248,1
119.81.61.166,52,https://paytm.com:443/papi//v1/promosearch/product/10361676/offers?parent_id=6885088&price=7399,2
119.81.61.166,52,https://paytm.com:443/papi//v1/promosearch/product/15405544/offers?parent_id=14837693&price=1790,2
119.81.61.166,52,https://paytm.com:443/papi//v1/promosearch/product/9810330/offers?parent_id=1833132&price=1430,2
119.81.61.166,52,https://paytm.com:443/papi//v1/promosearch/product/7580585/offers?parent_id=4895583&price=23700,1
119.81.61.166,52,https://paytm.com:443/papi//v1/promosearch/product/248317/offers?parent_id=251608&price=1296,2
119.81.61.166,52,https://paytm.com:443/papi//v1/promosearch/product/7285944/offers?parent_id=4299668&price=17776,1
119.81.61.166,52,https://paytm.com:443/papi//v1/promosearch/product/16410939/offers?parent_id=8790374&price=18443,1
119.81.61.166,52,https://paytm.com:443/papi//v1/promosearch/product/12269072/offers?parent_id=5762609&price=989,1
119.81.61.166,52,https://paytm.com:443/papi//v1/promosearch/product/9504784/offers?parent_id=226176&price=31490,1
119.81.61.166,52,https://paytm.com:443/papi//v1/promosearch/product/12768679/offers?parent_id=12768668&price=49700,1
119.81.61.166,52,https://paytm.com:443/papi//v1/promosearch/product/14054974/offers?parent_id=8112342&price=9199,2
119.81.61.166,52,https://paytm.com:443/papi//v1/promosearch/product/14066318/offers?parent_id=7224428&price=110,2
119.81.61.166,52,https://paytm.com:443/papi//v1/promosearch/product/14050766/offers?parent_id=255989&price=5980,1
119.81.61.166,52,https://paytm.com:443/papi//v1/promosearch/product/16229632/offers?parent_id=11090109&price=19743,1
119.81.61.166,52,https://paytm.com:443/papi//v1/promosearch/product/10755720/offers?parent_id=7597530&price=10750,1
119.81.61.166,52,https://paytm.com:443/papi//v1/promosearch/product/7286034/offers?parent_id=2678384&price=21990,1
119.81.61.166,52,https://paytm.com:443/papi//v1/promosearch/product/14742254/offers?parent_id=6762265&price=3800,1
119.81.61.166,52,https://paytm.com:443/papi//v1/promosearch/product/17402540/offers?parent_id=227768&price=6784,1
119.81.61.166,52,https://paytm.com:443/papi//v1/promosearch/product/14503946/offers?parent_id=14503947&price=20548,1
119.81.61.166,53,https://paytm.com:443/papi//v1/promosearch/product/15408808/offers?parent_id=4246190&price=6200,2
119.81.61.166,53,https://paytm.com:443/papi//v1/promosearch/product/11495458/offers?parent_id=251982&price=5500,1
119.81.61.166,53,https://paytm.com:443/papi//v1/promosearch/product/8360824/offers?parent_id=251007&price=590,1
119.81.61.166,53,https://paytm.com:443/papi//v1/promosearch/product/16224925/offers?parent_id=3412475&price=49399,2
119.81.61.166,53,https://paytm.com:443/papi//v1/promosearch/product/16608947/offers?parent_id=15815890&price=3455,2
119.81.61.166,53,https://paytm.com:443/papi//v1/promosearch/product/9605017/offers?parent_id=8245954&price=897,1
119.81.61.166,53,https://paytm.com:443/papi//v1/promosearch/product/3599710/offers?parent_id=1600507&price=32499,1
119.81.61.166,53,https://paytm.com:443/papi//v1/promosearch/product/15404831/offers?parent_id=4196176&price=19000,3
119.81.61.166,53,https://paytm.com:443/papi//v1/promosearch/product/12770604/offers?parent_id=9810256&price=4400,1
119.81.61.166,53,https://paytm.com:443/papi//v1/promosearch/product/8789326/offers?parent_id=4131673&price=2799,2
119.81.61.166,53,https://paytm.com:443/papi//v1/promosearch/product/14505667/offers?parent_id=10575967&price=54990,1
119.81.61.166,53,https://paytm.com:443/papi//v1/promosearch/product/13883034/offers?parent_id=9976163&price=32000,1
119.81.61.166,53,https://paytm.com:443/papi//v1/promosearch/product/16924367/offers?parent_id=5245071&price=599,2
119.81.61.166,53,https://paytm.com:443/papi//v1/promosearch/product/16701614/offers?parent_id=8721095&price=1599,2
119.81.61.166,53,https://paytm.com:443/papi//v1/promosearch/product/9871855/offers?parent_id=9119031&price=12355,1
119.81.61.166,53,https://paytm.com:443/papi//v1/promosearch/product/11494939/offers?parent_id=10503100&price=4480,2
119.81.61.166,53,https://paytm.com:443/papi//v1/promosearch/product/9119375/offers?parent_id=3412477&price=46999,1
119.81.61.166,53,https://paytm.com:443/papi//v1/promosearch/product/10333998/offers?parent_id=6226595&price=14900,2
119.81.61.166,53,https://paytm.com:443/papi//v1/promosearch/product/15897750/offers?parent_id=6118347&price=12890,2
119.81.61.166,53,https://paytm.com:443/papi//v1/promosearch/product/11397585/offers?parent_id=9504672&price=15779,2
119.81.61.166,53,https://paytm.com:443/papi//v1/promosearch/product/10572167/offers?parent_id=8216308&price=4138,2
119.81.61.166,53,https://paytm.com:443/papi//v1/promosearch/product/10922262/offers?parent_id=2640064&price=6640,1
119.81.61.166,53,https://paytm.com:443/papi//v1/promosearch/product/10755720/offers?parent_id=7597530&price=10750,1
119.81.61.166,53,https://paytm.com:443/papi//v1/promosearch/product/6910514/offers?parent_id=1926289&price=3490,1
119.81.61.166,53,https://paytm.com:443/papi//v1/promosearch/product/1448805/offers?parent_id=8137006&price=14999,1
119.81.61.166,53,https://paytm.com:443/papi//v1/promosearch/product/15903097/offers?parent_id=9504672&price=15879,1
119.81.61.166,53,https://paytm.com:443/papi//v1/promosearch/product/3882321/offers?parent_id=7464584&price=77999,1
119.81.61.166,53,https://paytm.com:443/papi//v1/promosearch/product/16922415/offers?parent_id=7500769&price=6490,1
119.81.61.166,53,https://paytm.com:443/papi//v1/promosearch/product/14869602/offers?parent_id=6144617&price=34000,1
119.81.61.166,53,https://paytm.com:443/papi//v1/promosearch/product/8430691/offers?parent_id=4662664&price=901,1
119.81.61.166,54,https://paytm.com:443/papi//v1/promosearch/product/5365046/offers?parent_id=228112&price=11890,1
119.81.61.166,54,https://paytm.com:443/papi//v1/promosearch/product/4432901/offers?parent_id=16410206&price=2009,1
119.81.61.166,54,https://paytm.com:443/papi//v1/promosearch/product/5142590/offers?parent_id=5142595&price=3450,1
119.81.61.166,54,https://paytm.com:443/papi//v1/promosearch/product/4310204/offers?parent_id=4310270&price=630,2
119.81.61.166,54,https://paytm.com:443/papi//v1/promosearch/product/9084190/offers?parent_id=8216309&price=4889,1
119.81.61.166,54,https://paytm.com:443/papi//v1/promosearch/product/17028834/offers?parent_id=5762994&price=8000,1
119.81.61.166,54,https://paytm.com:443/papi//v1/promosearch/product/10510653/offers?parent_id=6911088&price=5566,1
119.81.61.166,54,https://paytm.com:443/papi//v1/promosearch/product/10706994/offers?parent_id=4663081&price=1680,1
119.81.61.166,54,https://paytm.com:443/papi//v1/promosearch/product/8187975/offers?parent_id=5591459&price=7750,1
119.81.61.166,54,https://paytm.com:443/papi//v1/promosearch/product/8196544/offers?parent_id=226171&price=16855,1
119.81.61.166,54,https://paytm.com:443/papi//v1/promosearch/product/7500503/offers?parent_id=6762104&price=249,1
119.81.61.166,54,https://paytm.com:443/papi//v1/promosearch/product/7918881/offers?parent_id=5235121&price=340,1
119.81.61.166,54,https://paytm.com:443/papi//v1/promosearch/product/13309552/offers?parent_id=228013&price=9999,2
122.169.156.22,60,https://paytm.com:443/offer/wp-content/plugins/really-simple-facebook-twitter-share-buttons/style.css?ver=4.2.2,1
14.140.114.18,70,https://paytm.com:443/offer/wp-content/plugins/wp-thumbnail-slider/js/wpt-js.js?ver=4.2.2,1
14.140.114.18,70,https://paytm.com:443/offer/wp-content/plugins/wc-gallery/includes/css/magnific-popup.css?ver=0.9.9,1
14.140.114.18,70,https://paytm.com:443/offer/wp-content/plugins/owl-carousel/js/script.js?ver=4.2.2,1
14.140.114.18,70,https://paytm.com:443/offer/wp-includes/js/jquery/ui/draggable.min.js?ver=1.11.4,1
175.101.10.210,74,https://paytm.com:443/shop/cart?channel=web&version=2,1
175.101.22.130,76,https://paytm.com:443/recharge-partners,2
43.230.174.241,86,https://paytm.com:443/offer/wp-content/uploads/2015/07/qas.jpg,1
43.230.174.241,86,https://paytm.com:443/offer/wp-content/plugins/wc-gallery/includes/js/flexslider/flexslider.css?ver=2.2.0,1
119.81.61.166,53,https://paytm.com:443/papi//v1/promosearch/product/9014811/offers?parent_id=228097&price=4399,1
119.81.61.166,54,https://paytm.com:443/papi//v1/promosearch/product/2932708/offers?parent_id=2850872&price=8056,2
119.81.61.166,54,https://paytm.com:443/papi//v1/promosearch/product/9407298/offers?parent_id=9407299&price=16700,1
1.39.12.19,3,https://paytm.com:443/offer/wp-content/plugins/wp-responsive-slider-with-lightbox/css/images-responsive-thumbnail-slider-plus-lighbox-style.css?ver=4.2.2,1
101.221.134.157,5,https://paytm.com:443/coupons,1
103.240.76.115,10,https://paytm.com:443/papi/nps/merchantrating?merchant_id=21671&channel=web&version=2,2
106.77.64.154,12,https://paytm.com:443/offer/wp-content/plugins/contact-form-7/includes/js/scripts.js?ver=4.0.3,1
106.77.64.154,12,https://paytm.com:443/offer/wp-content/plugins/owl-carousel/css/styles.css?ver=4.2.2,1
115.241.127.214,24,https://paytm.com:443/offer/wp-content/plugins/wc-gallery/includes/css/style.css?ver=1.26,1
117.203.217.47,30,https://paytm.com:443/shop,1
117.223.62.41,30,https://paytm.com:443/offer/wp-content/plugins/wp-responsive-slider-with-lightbox/js/images-responsive-thumbnail-slider-plus-lightbox-jc.js?ver=4.2.2,1
119.226.197.226,30,https://paytm.com:443/shop/wallet/balance?channel=web&version=2,1
120.61.221.185,32,https://paytm.com:443/shop/ad/paytmAd?cat=bus1&paytm=new,1
14.140.251.178,37,https://paytm.com:443/offer/wp-content/themes/twentytwelve/js/navigation.js?ver=20140318,1
14.98.29.180,38,https://paytm.com:443/,1
151.236.217.30,39,https://paytm.com:443/papi/v1/promosearch/product/9200988/offers?parent_id=9169628&price=20107,1
164.100.96.254,43,https://paytm.com:443/papi/v1/expresscart/verify,1
182.68.161.119,56,https://paytm.com:443/shop/v1/frequentorders?channel=web&version=2,1
182.71.248.226,58,https://paytm.com:443/,1
203.115.70.44,72,https://paytm.com:443/shop?utm_source=Affiliates&utm_medium=VCOMM&utm_campaign=VCOMM&utm_term=32178,1
203.196.206.174,76,https://paytm.com:443/offer/wp-content/uploads/2015/07/main_sports_health_14jul.jpg,2
203.196.206.174,76,https://paytm.com:443/offer/wp-content/themes/twentytwelve/style.css?ver=4.2.2,2
203.99.196.126,86,https://paytm.com:443/shop/ad/paytmAd?cat=bus1&paytm=new,1
203.99.196.126,88,https://paytm.com:443/shop/p/puma-grey-pu-backpack-BAGPUMA-GREY-PUGLOB313986FEFE4ED,1
37.228.106.82,93,https://paytm.com:443/,1
49.248.25.74,95,https://paytm.com:443/shop/authresponse?code=3b7c2dbd-354d-4bdb-99d9-1c2dd41c7b14,1
59.93.22.102,97,https://paytm.com:443/mahanagar-mgl-gas-bill-payment,1
101.212.68.238,11,https://paytm.com:443/shop/cart?channel=web&version=2,2
101.222.245.145,11,https://paytm.com:443/,1
105.98.51.207,13,https://paytm.com:443/shop/cart,1
107.167.107.27,14,https://paytm.com:443/styles/app.css,1
115.111.4.122,20,https://paytm.com:443/papi/v1/promosearch/product/16224907/offers?parent_id=3832472&price=58875&channel=web&version=2,1
115.184.42.60,21,https://paytm.com:443/shop/cart?channel=web&version=2,1
116.202.202.27,21,https://paytm.com:443/shop/cart?channel=web&version=2,1
116.74.48.135,22,https://paytm.com:443/papi/nps/merchantrating?merchant_id=23952&channel=web&version=2,1
117.220.200.236,22,https://paytm.com:443/papi/nps/merchantrating?merchant_id=20249&channel=web&version=2,3
117.98.51.68,22,https://paytm.com:443/offer/wp-includes/js/jquery/ui/accordion.min.js?ver=1.11.4,1
117.98.51.68,22,https://paytm.com:443/offer/wp-content/plugins/owl-carousel/js/script.js?ver=4.2.2,1
122.172.226.236,25,https://paytm.com:443/papi/v1/expresscart/verify,1
14.139.196.4,36,https://paytm.com:443/shop/v1/frequentorders?channel=web&version=2,3
14.139.242.2,37,https://paytm.com:443/papi/v1/promosearch/product/12031163/offers?parent_id=12052596&price=1000&channel=web&version=2,1
202.177.148.81,54,https://paytm.com:443/papi/nps/merchantrating?merchant_id=21341&channel=web&version=2,1
202.65.129.253,55,https://paytm.com:443/offer/wp-content/uploads/2015/07/kitch11.jpg,1
218.248.4.219,58,https://paytm.com:443/shop/cart?channel=web&version=2,4
1.22.156.20,1,https://paytm.com:443/shop/summary/1116649661,1
1.23.42.252,1,https://paytm.com:443/api/v1/expresscart/checkout?wallet=1,1
1.39.63.99,4,https://paytm.com:443/offer/wp-content/themes/twentytwelve/style.css?ver=4.2.2,1
1.39.63.99,4,https://paytm.com:443/offer/wp-content/plugins/wp-awesome-faq/jquery-ui.css?ver=4.2.2,1
1.39.96.53,4,https://paytm.com:443/offer/wp-content/plugins/wp-responsive-slider-with-lightbox/css/l-box-css.css?ver=4.2.2,1
106.78.65.56,7,https://paytm.com:443/shop/login?isIframe=true&theme=mp-web,1
112.133.229.105,7,https://paytm.com:443/cart,2
112.79.37.133,8,https://paytm.com:443/shop/action,8
115.112.131.147,10,https://paytm.com:443/offer/wp-content/plugins/easy-logo-slider/css/style-admin.css?ver=4.2.2,1
116.193.129.14,13,https://paytm.com:443/,1
117.203.219.248,13,https://paytm.com:443/offer/wp-content/themes/twentytwelve/style.css?ver=4.2.2,1
117.212.130.140,15,https://paytm.com:443/papi/nps/merchantrating?merchant_id=20529&channel=web&version=2,1
117.212.130.140,15,https://paytm.com:443/papi/rr/products/12485840/statistics?channel=web&version=2,1
121.58.175.128,18,https://paytm.com:443/shop/summary/1116239387,1
121.58.175.128,19,https://paytm.com:443/papi/rr/products/6316954/statistics?channel=web&version=2,1
121.58.175.128,20,https://paytm.com:443/offer/wp-content/plugins/image-slider-responsive/css/flexslider.css?ver=4.2.2,2
122.168.26.102,26,https://paytm.com:443/,2
14.97.105.31,35,https://paytm.com:443/shop/orderdetail/1117925404?channel=web&version=2,1
14.98.219.87,35,https://paytm.com:443/offer/wp-content/plugins/wp-awesome-faq/accordion.js?ver=1,1
223.237.232.156,59,https://paytm.com:443/offer/wp-content/uploads/2015/07/offer-page_21july.jpg,1
27.97.163.135,60,https://paytm.com:443/airtel-prepaid-mobile-online-recharge.htm,1
101.58.113.195,6,https://paytm.com:443/favicon.ico,1
103.248.209.242,7,https://paytm.com:443/papi/nps/merchantverification,1
112.196.161.47,22,https://paytm.com:443/offer/wp-includes/js/jquery/jquery.masonry.min.js?ver=3.1.2,1
117.200.2.203,27,https://paytm.com:443/shop/cart?channel=web&version=2,1
117.209.246.252,28,https://paytm.com:443/papi/rr/products/16700798/statistics?channel=web&version=2,1
117.216.253.116,29,https://paytm.com:443/shop/cart?channel=web&version=2,1
122.166.9.99,35,https://paytm.com:443/offer/wp-content/uploads/2015/06/list1.png,1
122.173.198.11,36,https://paytm.com:443/api/oauth2/user/clients?channel=web&version=2,1
122.184.52.222,39,https://paytm.com:443/papi/nps/merchantrating?merchant_id=50996&channel=web&version=2,1
125.16.138.147,41,https://paytm.com:443/papi/nps/merchantrating?merchant_id=20431&channel=web&version=2,1
125.16.138.147,42,https://paytm.com:443/offer/wp-content/plugins/wp-thumbnail-slider/js/wpt-js.js?ver=4.2.2,1
14.96.69.134,47,https://paytm.com:443/papi/v1/promosearch/product/7062866/offers?parent_id=12635800&price=1600&channel=web&version=2,1
14.98.174.100,47,https://paytm.com:443/offer/wp-content/plugins/wp-awesome-faq/jquery-ui.css?ver=4.2.2,1
199.190.46.102,66,https://paytm.com:443/offer/wp-content/plugins/wp-awesome-faq/images/ui-icons_454545_256x240.png,1
37.228.104.223,74,https://paytm.com:443/styles/app.css,1
49.204.213.224,76,https://paytm.com:443/shop/orderdetail/1118080300?channel=web&version=2,1
1.39.33.110,1,https://paytm.com:443/indexApp.htm,1
1.39.62.194,2,https://paytm.com:443/shop/cart,4
101.56.186.2,5,https://paytm.com:443/offer/wp-content/uploads/2015/06/RCH10_17june.jpg,1
106.51.242.86,15,https://paytm.com:443/,1
106.79.220.123,16,https://paytm.com:443/favicon.ico,1
112.79.38.225,22,https://paytm.com:443/offer/wp-content/plugins/logo-slider/lgs_jquery.cycle2.js?ver=4.2.2,1
115.245.5.107,26,https://paytm.com:443/shop/orderdetail/1117924443?channel=web&version=2,1
117.196.154.185,27,https://paytm.com:443/shop/cart?channel=web&version=2,1
117.242.10.95,31,https://paytm.com:443/undefined,1
14.99.245.20,38,https://paytm.com:443/dth,1
168.235.197.45,49,https://paytm.com:443/offer/wp-content/plugins/wc-gallery/includes/js/flexslider/flexslider.css?ver=2.2.0,1
168.235.197.45,49,https://paytm.com:443/offer/wp-content/plugins/logo-slider/lgs_jquery.cycle2.js?ver=4.2.2,1
168.235.197.45,50,https://paytm.com:443/offer/wp-content/plugins/wp-awesome-faq/images/ui-bg_glass_65_ffffff_1x400.png,2
182.66.45.1,55,https://paytm.com:443/shop/h/electronics/home-appliances?src=gtr1,1
183.82.231.84,64,https://paytm.com:443/papi/v1/promosearch/product/14833639/offers?parent_id=0&price=2749&channel=web&version=2,1
183.83.177.178,64,https://paytm.com:443/papi/rr/products/13178275/statistics?channel=web&version=2,1
43.249.227.70,85,https://paytm.com:443/shop/ad/paytmAd?cat=bus1&paytm=new,1
50.59.174.85,88,https://paytm.com:443/papi/nps/merchantrating?merchant_id=23507&channel=web&version=2,1
59.99.18.207,90,https://paytm.com:443/offer/wp-content/themes/twentytwelve/style.css?ver=4.2.2,1
103.252.24.82,17,https://paytm.com:443/shop/orderhistory?pagesize=10&channel=web&version=2,1
106.213.173.12,18,https://paytm.com:443/offer/wp-content/plugins/wp-responsive-slider-with-lightbox/css/images-responsive-thumbnail-slider-plus-lighbox-style.css?ver=4.2.2,1
110.227.160.145,29,https://paytm.com:443/styles/css/notification.css,1
117.195.159.33,40,https://paytm.com:443/offer/wp-content/uploads/2015/01/bootstrap.min_.css,1
117.206.151.113,40,https://paytm.com:443/shop/cart?channel=web&version=2,5
117.212.106.104,41,https://paytm.com:443/papi/rr/products/12145926/statistics?channel=web&version=2,1
117.216.57.120,42,https://paytm.com:443/papi/rr/products/6055785/statistics?channel=web&version=2,1
117.223.81.194,42,https://paytm.com:443/offer/wp-content/themes/twentytwelve/js/navigation.js?ver=20140318,1
117.246.21.251,42,https://paytm.com:443/offer/wp-content/plugins/really-simple-facebook-twitter-share-buttons/images/specificfeeds_follow.png,1
117.248.151.171,42,https://paytm.com:443/shop/p/diva-fashion-orange-art-silk-saree-APPDIVA-FASHIONDIVA238416124AB,1
120.62.198.110,43,https://paytm.com:443/papi/rr/products/16613436/statistics?channel=web&version=2,1
122.164.77.191,44,https://paytm.com:443/papi/rr/products/17030554/statistics?channel=web&version=2,1
182.69.47.219,61,https://paytm.com:443/papi/v1/promosearch/product/15401339/offers?parent_id=6505193,1
203.122.7.66,72,https://paytm.com:443/offer/wp-content/plugins/easy-logo-slider/js/jcarousel.responsive.js?ver=4.2.2,1
203.122.7.66,73,https://paytm.com:443/offer/wp-content/plugins/easy-logo-slider/js/jquery.jcarousel.min.js?ver=4.2.2,1
45.65.8.204,81,https://paytm.com:443/offer/wp-content/uploads/2015/07/ledq.jpg,1
49.202.100.104,81,https://paytm.com:443/offer/wp-content/uploads/2015/02/newtable.jpg,1
49.202.100.104,81,https://paytm.com:443/offer/wp-content/plugins/logo-slider/lgs_jquery.cycle2.js?ver=4.2.2,1
49.205.109.127,83,https://paytm.com:443/shop/cart?channel=web&version=2,2
49.40.2.98,86,https://paytm.com:443/api/user/favourite?channel=web&version=2,1
70.39.184.196,87,https://paytm.com:443/recharge,1
101.222.168.225,15,https://paytm.com:443/api/v1/expresscart/checkout?wallet=1,1
103.224.157.72,16,https://paytm.com:443/shop/orderdetail/1088613957?actions=1&channel=web&version=2,3
103.27.171.54,21,https://paytm.com:443/offer/wp-content/plugins/wp-thumbnail-slider/js/wpt-js.js?ver=4.2.2,1
106.220.150.101,31,https://paytm.com:443/offer/wp-content/plugins/wp-thumbnail-slider/css/wpt-slide.css?ver=4.2.2,1
106.51.133.118,31,https://paytm.com:443/papi/rr/products/5323185/statistics?channel=web&version=2,1
107.167.108.191,36,https://paytm.com:443/,2
107.167.109.155,42,https://paytm.com:443/offer/wp-content/plugins/wp-responsive-slider-with-lightbox/js/l-box-js.js?ver=4.2.2,1
111.221.89.160,47,https://paytm.com:443/shop/g/electronics/home-appliances/air-conditioners?sort_popular=1&type_filter=Window%20AC,1
115.250.56.133,55,https://paytm.com:443/offer/wp-content/plugins/logo-slider/lgs_jquery.cycle2.js?ver=4.2.2,1
115.254.53.37,55,https://paytm.com:443/offer/wp-content/uploads/2015/07/cc.png,1
117.192.19.160,56,https://paytm.com:443/shop/h/electronics?utm_medium=affiliate&utm_source=Netcore_mailer&utm_campaign=ElectronicSale-20072015&utm_term=aff13,1
117.194.19.253,56,https://paytm.com:443/shop?utm_source=Affiliates&utm_medium=VCOMM&utm_campaign=VCOMM&utm_term=1064,1
117.195.233.52,56,https://paytm.com:443/papi/rr/products/12619417/statistics?channel=web&version=2,1
117.208.91.21,60,https://paytm.com:443/offer/wp-content/uploads/2015/07/470x220_19july.jpg,1
120.56.207.43,61,https://paytm.com:443/shop/orderdetail/1117924140?channel=web&version=2,1
122.166.224.227,64,https://paytm.com:443/shop/cart?channel=web&version=2,1
123.201.129.211,70,https://paytm.com:443/papi/nps/merchantrating?merchant_id=32240&channel=web&version=2,3
14.99.216.0,79,https://paytm.com:443/offer/wp-content/plugins/wc-gallery/includes/js/flexslider/flexslider.css?ver=2.2.0,1
164.100.146.74,79,https://paytm.com:443/papi/nps/merchantrating?merchant_id=25506&channel=web&version=2,1
168.235.197.219,87,https://paytm.com:443/,2
202.62.117.13,101,https://paytm.com:443/gas,1
202.65.148.14,104,https://paytm.com:443/shop/wallet/balance?channel=web&version=2,1
49.204.93.132,109,https://paytm.com:443/papi/v1/promosearch/product/8228204/offers?parent_id=0&price=325&channel=web&version=2,1
59.161.190.97,109,https://paytm.com:443/offer/wp-content/uploads/2015/07/offer-page_21july.jpg,1
59.91.215.130,109,https://paytm.com:443/papi/nps/merchantrating?merchant_id=265&channel=web&version=2,1
8.37.226.34,117,https://paytm.com:443/shop/p/philips-she1360-97-wired-headphones-CMPLXPHILIPS_SHE136097_NULL_BLACK,1
8.37.226.6,117,https://paytm.com:443/summary/1116534934,1
1.187.103.177,1,https://paytm.com:443/shop/g/gifts-and-sweets/sweets?webview=1&client=androidapp&version=4.4.2,1
106.221.144.66,4,https://paytm.com:443/offer/wp-content/themes/twentytwelve/css/ie.css?ver=20121010,1
106.78.30.89,4,https://paytm.com:443/shop/cart?channel=web&version=2,2
107.167.108.208,4,https://paytm.com:443/offer/wp-includes/js/jquery/ui/mouse.min.js?ver=1.11.4,1
107.167.108.208,4,https://paytm.com:443/offer/wp-content/plugins/contact-form-7/includes/css/styles.css?ver=4.0.3,1
115.160.242.78,13,https://paytm.com:443/?utm_medium=affiliate&utm_source=Netcore_mailer&utm_campaign=ElectronicSale-20072015&utm_term=aff3-E,1
117.192.57.245,15,https://paytm.com:443/papi/nps/merchantrating?merchant_id=35731&channel=web&version=2,1
117.204.57.118,15,https://paytm.com:443/papi/rr/products/2269350/statistics?channel=web&version=2,2
117.204.57.118,15,https://paytm.com:443/shop/p/laurels-original-polo-men-s-watch-MWTCHSO_POLO_102FYGRFR,1
122.171.208.97,30,https://paytm.com:443/shop/login?isIframe=true&theme=mp-web,1
14.96.35.211,39,https://paytm.com:443/papi/rr/products/8515403/statistics?channel=web&version=2,1
183.82.141.9,52,https://paytm.com:443/papi/nps/merchantrating?merchant_id=27209&channel=web&version=2,1
59.177.38.73,67,https://paytm.com:443/shop/summary/1118050015,1
59.90.86.121,69,https://paytm.com:443/shop/summary/1115774897,1
63.225.169.91,76,https://paytm.com:443/shop/cart?channel=web&version=2,1
1.39.60.135,7,https://paytm.com:443/shop/cart,1
1.39.60.135,8,https://paytm.com:443/,1
1.39.62.156,9,https://paytm.com:443/shop/v1/frequentorders,1
107.167.109.153,26,https://paytm.com:443/verification,3
115.249.185.74,36,https://paytm.com:443/papi/v1/promosearch/product/37393/offers?parent_id=39923&price=379&channel=web&version=2,1
115.250.34.149,36,https://paytm.com:443/offer/wp-content/plugins/wp-image-slider-with-lightbox/css/slider-plus-lightbox-style.css?ver=4.2.2,1
116.203.75.236,36,https://paytm.com:443/api/user/favourite?channel=web&version=2,2
117.194.91.240,36,https://paytm.com:443/papi/nps/merchantrating?merchant_id=31048&channel=web&version=2,1
117.205.162.148,37,https://paytm.com:443/shop/authresponse?code=d8d0bdfc-5ba6-4257-a9c6-d1d8f7e78a83,1
117.215.214.137,37,https://paytm.com:443/shop/v1/frequentorders?channel=web&version=2,1
122.162.79.49,40,https://paytm.com:443/shop/cart?channel=web&version=2,1
122.50.133.175,44,https://paytm.com:443/papi/v1/promosearch/product/14734962/offers?parent_id=14736329&price=299&channel=web&version=2,1
123.238.116.140,44,https://paytm.com:443/blog/wp-content/plugins/jetpack/modules/sharedaddy/images/loading.gif,1
182.71.85.66,56,https://paytm.com:443/shop/cart,2
183.87.226.226,62,https://paytm.com:443/offer/wp-content/plugins/really-simple-facebook-twitter-share-buttons/images/facebook-share.png,1
202.61.103.30,66,https://paytm.com:443/papi/rr/products/2269340/statistics?channel=web&version=2,1
203.110.243.21,71,https://paytm.com:443/shop/orderdetail/1117839066?channel=web&version=2,4
219.64.181.217,76,https://paytm.com:443/shop/cart?channel=web&version=2,3
223.176.19.242,77,https://paytm.com:443/offer/wp-content/plugins/contact-form-7/includes/css/styles.css?ver=4.0.3,1
27.62.73.2,78,https://paytm.com:443/?utm_source=ucweb&utm_medium=Affiliate&utm_campaign=web,1
43.227.244.32,80,https://paytm.com:443/shop/h/electronics?utm_term=1,1
49.204.59.23,81,https://paytm.com:443/offer/wp-content/plugins/really-simple-facebook-twitter-share-buttons/images/specificfeeds_follow.png,1
49.205.195.211,81,https://paytm.com:443/papi/nps/merchantrating?merchant_id=20088&channel=web&version=2,1
101.63.76.169,8,https://paytm.com:443/shop/ad/paytmAd?cat=Mobile&op=Vodafone&paytm=new,1
103.244.241.203,9,https://paytm.com:443/offer/wp-includes/js/jquery/ui/widget.min.js?ver=1.11.4,1
103.29.116.19,11,https://paytm.com:443/login,1
106.206.155.11,17,https://paytm.com:443/shop/login?isIframe=true&theme=mp-web,1
107.167.109.201,25,https://paytm.com:443/?gclid=CKfCz_6S78YCFZIWHwodPNEALQ,1
112.79.36.42,28,https://paytm.com:443/api/v1/expresscart/checkout?wallet=1&withdraw=1,1
115.245.203.168,31,https://paytm.com:443/blog/wp-content/plugins/jetpack/_inc/genericons/genericons/Genericons.svg,1
117.196.88.210,35,https://paytm.com:443/,1
120.59.78.163,42,https://paytm.com:443/,2
122.174.234.119,44,https://paytm.com:443/shop/login?isIframe=true&theme=mp-web,1
15.203.233.78,50,https://paytm.com:443/papi/nps/merchantrating?merchant_id=28114&channel=web&version=2,1
175.101.67.198,69,https://paytm.com:443/offer/wp-content/plugins/images-thumbnail-sliderv1/css/images-thumbnail-sliderv1-style.css?ver=4.2.2,1
175.101.67.198,71,https://paytm.com:443/offer/wp-content/uploads/2015/07/logo3.gif,1
180.151.39.210,76,https://paytm.com:443/offer/wp-content/plugins/owl-carousel/js/owl.carousel.js?ver=4.2.2,1
202.65.136.3,83,https://paytm.com:443/offer/wp-content/uploads/2015/07/bargain.jpg,1
202.90.33.151,85,https://paytm.com:443/papi/v1/promosearch/product/13149596/offers?parent_id=0&price=1387&channel=web&version=2,1
49.204.59.85,90,https://paytm.com:443/shop/login?isIframe=true&theme=mp-web,1
49.205.134.185,90,https://paytm.com:443/favicon.ico,1
1.39.34.111,3,https://paytm.com:443/shop/cart,1
106.204.170.209,6,https://paytm.com:443/offer/wp-content/plugins/wp-responsive-slider-with-lightbox/js/images-responsive-thumbnail-slider-plus-lightbox-jc.js?ver=4.2.2,1
106.204.170.209,6,https://paytm.com:443/offer/wp-content/plugins/wp-image-slider-with-lightbox/css/slider-plus-lightbox-style.css?ver=4.2.2,1
110.226.145.50,17,https://paytm.com:443/shop/login?isIframe=true&theme=mp-web,1
113.19.17.94,19,https://paytm.com:443/,1
117.196.180.197,24,https://paytm.com:443/offer/termsconditions/?src=offer,1
117.212.118.196,26,https://paytm.com:443/shop/p/tupperware-plastic-water-jug-HOMTUPPERWARE-PKASH25082C1BF53F,1
117.243.206.41,27,https://paytm.com:443/papi/v1/promosearch/product/9554892/offers?parent_id=9555036,1
117.243.206.41,27,https://paytm.com:443/shop/cart?channel=web&version=2,2
117.247.57.73,27,https://paytm.com:443/papi/rr/products/449656/statistics?channel=web&version=2,1
14.98.215.166,42,https://paytm.com:443/offer/wp-content/plugins/owl-carousel/js/script.js?ver=4.2.2,1
141.8.143.217,42,https://paytm.com:443/blog/,1
141.8.143.217,43,https://paytm.com:443/shop/p/bath-and-body-works-peach-bellini-deep-cleansing-hand-soap-236-ml-BEABATH-AND-BODTHEG34433AE313176,1
15.219.201.74,45,https://paytm.com:443/shop/login?isIframe=true&theme=mp-web,1
182.71.81.14,60,https://paytm.com:443/shop/logout?channel=web&version=2,1
183.82.96.125,63,https://paytm.com:443/offer/wp-includes/js/comment-reply.min.js?ver=4.2.2,1
183.82.96.125,63,https://paytm.com:443/offer/wp-content/plugins/images-thumbnail-sliderv1/js/jc.js?ver=4.2.2,1
202.142.73.71,67,https://paytm.com:443/shop/p/woodland-men-casual-sandals-size-10-MSNDLS0GS4011Y14ZZKK10_48178,2
202.55.10.112,67,https://paytm.com:443/blog/single-sign-in-on-paytm/,1
61.2.239.229,80,https://paytm.com:443/shop/p/jessy-saree-blue-net-saree-APPJESSY-SAREE-JESS65238DDD26C,1
8.37.224.18,86,https://paytm.com:443/offer/wp-content/plugins/wp-awesome-faq/images/animated-overlay.gif,1
101.59.93.211,7,https://paytm.com:443/papi/rr/products/13169930/statistics?channel=web&version=2,1
101.60.213.97,7,https://paytm.com:443/offer/wp-includes/js/jquery/ui/accordion.min.js?ver=1.11.4,1
103.5.187.10,19,https://paytm.com:443/shop/g/women/watches/the-watch-store/brands-more/jacques-lemans,1
106.77.44.240,20,https://paytm.com:443/,1
112.133.246.11,25,https://paytm.com:443/papi/v1/promosearch/product/14234358/offers?parent_id=14234359&price=660&channel=web&version=2,1
115.114.191.92,28,https://paytm.com:443/shop/authresponse?code=9b59be8d-544d-4dab-8a3c-9843f1189a9c&state=null,1
115.117.234.117,30,https://paytm.com:443/offer/wp-content/plugins/owl-carousel/css/owl.theme.css?ver=4.2.2,1
117.220.96.209,39,https://paytm.com:443/offer/wp-content/plugins/owl-carousel/css/styles.css?ver=4.2.2,1
117.239.226.34,39,https://paytm.com:443/offer/wp-content/uploads/2015/07/470x220_19july.jpg,1
122.160.78.22,43,https://paytm.com:443/shop/summary/1116228164,1
14.141.55.102,52,https://paytm.com:443/offer/wp-content/uploads/2015/07/logo49.gif,1
164.100.41.162,58,https://paytm.com:443/offer/wp-content/plugins/owl-carousel/css/owl.transitions.css?ver=4.2.2,1
182.65.38.234,70,https://paytm.com:443/shop/authresponse?code=11890721-c8db-47e9-8b5a-0693bd183fb7&state=null,1
202.142.120.139,82,https://paytm.com:443/shop/authresponse?code=cd53a5eb-f2c9-4947-9150-8564938cf66d&state=,1
27.5.88.69,86,https://paytm.com:443/offer/wp-content/uploads/2014/12/examples.css,1
49.14.107.63,89,https://paytm.com:443/login,1
72.163.217.104,96,https://paytm.com:443/offer/wp-content/uploads/2015/07/offer-page_21july.jpg,1
1.39.32.214,1,https://paytm.com:443/api/v1/expresscart/checkout?wallet=1,2
1.39.96.21,2,https://paytm.com:443/blog/wp-content/themes/svbtle/style.css,1
103.2.234.47,9,https://paytm.com:443/papi/rr/products/12696214/statistics?channel=web&version=2,1
103.2.234.47,10,https://paytm.com:443/papi/rr/products/13468019/statistics?channel=web&version=2,1
115.115.209.82,21,https://paytm.com:443/papi/rr/products/8228988/statistics?channel=web&version=2,1
115.245.135.59,22,https://paytm.com:443/offer/wp-content/plugins/wp-thumbnail-slider/js/wpt-js.js?ver=4.2.2,1
115.250.75.239,24,https://paytm.com:443/shop/cart,1
120.61.215.141,31,https://paytm.com:443/shop/login?isIframe=true&theme=mp-web,1
121.244.189.138,31,https://paytm.com:443/shop/p/puma-black-sport-shoes-CMPLXFOOPUMA-BLACK-SBALA3427780430FDD,1
122.177.187.143,32,https://paytm.com:443/offer/wp-content/uploads/2015/07/ggg.jpg,1
122.179.59.112,32,https://paytm.com:443/?utm_source=Affiliates&utm_medium=Paritycube&utm_campaign=Paritycube,1
165.225.96.85,34,https://paytm.com:443/shop/v1/frequentorders?channel=web&version=2,1
183.82.197.174,39,https://paytm.com:443/papi/rr/products/13091762/statistics?channel=web&version=2,1
183.82.246.31,39,https://paytm.com:443/shop/cart?channel=web&version=2,1
202.133.60.66,46,https://paytm.com:443/shop/v1/frequentorders?channel=web&version=2,1
202.133.60.66,48,https://paytm.com:443/offer/wp-content/uploads/2014/12/examples.css,1
203.217.145.239,55,https://paytm.com:443/papi/v1/promosearch/product/14970318/offers?parent_id=0&price=925&channel=web&version=2,1
203.99.213.33,58,https://paytm.com:443/papi/nps/merchantrating?merchant_id=20344&channel=web&version=2,1
203.99.213.33,61,https://paytm.com:443/shop/p/dell-inspiron-5447-5447541tb2s-core-i5-4th-gen-4-gb-ddr3-1-tb-14-inch-windows-8-1-2-gb-silver-LAPDELL-INSPIRODUMM20256EFB504F1_41187,3
27.97.191.60,64,https://paytm.com:443/offer/wp-includes/js/jquery/ui/position.min.js?ver=1.11.4,1
27.97.191.60,64,https://paytm.com:443/offer/wp-content/plugins/easy-logo-slider/css/style-admin.css?ver=4.2.2,1
27.97.191.60,64,https://paytm.com:443/offer/wp-content/plugins/wp-responsive-slider-with-lightbox/css/images-responsive-thumbnail-slider-plus-lighbox-style.css?ver=4.2.2,1
37.228.106.115,66,https://paytm.com:443/offer/wp-content/plugins/wp-social-sharing/static/socialshare.css?ver=1.3,1
45.112.252.205,67,https://paytm.com:443/offer/wp-content/uploads/2015/07/470X220_books.jpg,1
49.15.87.15,67,https://paytm.com:443/,1
54.209.60.63,69,https://paytm.com:443/shop/p/jockey-assorted-cotton-pack-of-2-boxers-size-70-75-cm-APPJOCKEY-ASSORMYCA6782564B29790,1
74.125.63.33,84,https://paytm.com:443/myorders,2
101.56.171.39,7,https://paytm.com:443/summary/1117852214,5
103.228.140.194,9,https://paytm.com:443/shop/search?q=men%20vest&brand=1761,3
107.167.107.232,9,https://paytm.com:443/myOrders,1
112.133.232.77,13,https://paytm.com:443/shop/cart?channel=web&version=2,1
112.79.38.192,13,https://paytm.com:443/shop/orderdetail/1116231693?channel=web&version=2,2
114.143.220.178,16,https://paytm.com:443/papi/rr/products/5685700/statistics?channel=web&version=2,1
115.99.48.22,24,https://paytm.com:443/shop/cart,1
116.202.143.184,24,https://paytm.com:443/shop/summary/1117837808,1
116.202.143.184,24,https://paytm.com:443/papi/v1/expresscart/verify,1
116.202.180.8,24,https://paytm.com:443/shop/cart?channel=web&version=2,1
117.196.181.236,25,https://paytm.com:443/shop/orderdetail/1116529943?channel=web&version=2,5
117.206.110.44,26,https://paytm.com:443/,2
117.221.13.197,27,https://paytm.com:443/shop/g/books/the-book-shop/engineering-text-books/mechanical,1
120.57.206.192,30,https://paytm.com:443/shop/cart?channel=web&version=2,2
120.62.180.179,30,https://paytm.com:443/offer/wp-includes/js/jquery/ui/widget.min.js?ver=1.11.4,1
182.19.58.13,47,https://paytm.com:443/favicon.ico,1
182.72.157.210,48,https://paytm.com:443/papi/v1/promosearch/product/6166707/offers?parent_id=6166829&price=399&channel=web&version=2,1
183.83.21.65,49,https://paytm.com:443/offer/wp-content/plugins/wc-gallery/includes/js/owlcarousel/assets/owl.theme.default.css?ver=2.0.0,1
183.83.31.150,49,https://paytm.com:443/shop/orderdetail/1117897282?actions=1&channel=web&version=2,2
192.94.34.34,51,https://paytm.com:443/offer/wp-content/uploads/2015/07/470X220_books.jpg,1
192.94.34.34,51,https://paytm.com:443/offer/wp-content/uploads/2015/07/kitch11.jpg,1
205.147.111.169,60,https://paytm.com:443/shop/p/ray-ban-silver-plastic-aviator-sunglass-SUNRAY-BAN-SILVFASH433235B48E765,1
223.187.129.71,64,https://paytm.com:443/offer/wp-content/plugins/easy-logo-slider/css/jcarouselresponsive.css?ver=4.2.2,1
223.29.196.21,64,https://paytm.com:443/offer/wp-content/uploads/2015/07/kitch11.jpg,1
223.29.196.21,64,https://paytm.com:443/offer/wp-content/uploads/2015/07/pesoal.jpg,1
49.138.170.254,66,https://paytm.com:443/papi/v1/promosearch/product/5949567/offers?parent_id=0&price=1799&channel=web&version=2,1
49.207.216.214,67,https://paytm.com:443/shop/cart?channel=web&version=2,1
61.1.25.95,70,https://paytm.com:443/papi/v1/promosearch/product/14833050/offers?parent_id=14833051&price=199&channel=web&version=2,1
103.12.119.2,20,https://paytm.com:443/shop/summary/1116586516,1
103.21.233.230,22,https://paytm.com:443/offer/mysmartprice/?utm_source=affiliate&utm_medium=promocodeclub&utm_campaign=promocodeclub-generic&utm_term=pcc10=30,1
103.251.60.114,24,https://paytm.com:443/shop/p/apple-iphone-6-16-gb-silver-APPLE_IPHONE6_16GB_SILVER_39209,2
103.37.201.71,25,https://paytm.com:443/favicon.ico,1
106.211.65.202,28,https://paytm.com:443/login,2
111.93.176.170,34,https://paytm.com:443/shop/v1/frequentorders?channel=web&version=2,2
115.248.70.97,37,https://paytm.com:443/papi/nps/merchantrating?merchant_id=60432&channel=web&version=2,2
115.248.70.97,38,https://paytm.com:443/shop,1
115.254.101.68,40,https://paytm.com:443/shop/authresponse?code=44d4dfff-e55f-40cc-a3ba-f994820e51f5&state=null,1
116.73.154.176,43,https://paytm.com:443/shop/h/electronics?utm_term=1,1
117.195.193.190,45,https://paytm.com:443/,1
117.223.120.127,46,https://paytm.com:443/offer/wp-content/uploads/2015/07/pesoal.jpg,1
119.235.52.36,50,https://paytm.com:443/shop/cart?channel=web&version=2,1
168.235.194.123,60,https://paytm.com:443/offer/wp-content/plugins/contact-form-7/includes/css/styles.css?ver=4.0.3,1
168.235.197.131,63,https://paytm.com:443/login,3
182.65.212.172,75,https://paytm.com:443/shop/cart?channel=web&version=2,1
196.1.105.91,81,https://paytm.com:443/shop/cart?channel=web&version=2,28
202.3.77.249,92,https://paytm.com:443/shop/cart?channel=web&version=2,5
37.228.106.212,96,https://paytm.com:443/,2
59.178.156.59,103,https://paytm.com:443/papi/rr/products/16353396/statistics?channel=web&version=2,1
59.178.156.59,103,https://paytm.com:443/shop/p/korni-multi-colour-cotton-saree-APPKORNI-MULTI-KORN347032119E1C1,1
1.38.19.90,2,https://paytm.com:443/offer/wp-content/plugins/wp-awesome-faq/jquery-ui.css?ver=4.2.2,1
1.38.19.90,2,https://paytm.com:443/offer/wp-content/plugins/wp-awesome-faq/accordion.js?ver=1,1
101.222.161.197,5,https://paytm.com:443/shop/g/electronics/mobile-accessories/mobiles?sort_price=0&utm_source=affiliate&utm_medium=promocodeclub&utm_campaign=promocodeclub-generic&utm_term=pccmobil2,1
106.194.48.149,6,https://paytm.com:443/offer/wp-content/themes/twentytwelve/style.css?ver=4.2.2,1
106.205.59.53,6,https://paytm.com:443/api/v1/expresscart/checkout?wallet=1,1
106.220.151.80,6,https://paytm.com:443/offer/wp-includes/js/jquery/ui/accordion.min.js?ver=1.11.4,1
106.51.133.20,6,https://paytm.com:443/shop/p/lancer-black-and-blue-casual-shoes-size-10-FOOLANCER-BLACKS-A-30711BAC719D5,1
107.167.109.106,10,https://paytm.com:443/login,1
111.91.122.210,15,https://paytm.com:443/papi/rr/products/5650812/statistics?channel=web&version=2,1
116.202.38.63,23,https://paytm.com:443/shop/user/address?channel=web&version=2,1
117.253.244.116,28,https://paytm.com:443/papi/rr/products/15285183/statistics?channel=web&version=2,2
122.167.113.185,29,https://paytm.com:443/images/greyStar.png,1
122.252.229.234,31,https://paytm.com:443/offer/wp-content/plugins/owl-carousel/css/styles.css?ver=4.2.2,1
144.36.228.174,41,https://paytm.com:443/,1
182.19.20.14,57,https://www.paytm.com:443/,1
182.74.224.150,57,https://paytm.com:443/shop/h/electronics?utm_source=Affiliates&utm_medium=VCOMM&utm_campaign=VCOMM-generic&utm_term=1064,4
183.82.99.100,57,https://paytm.com:443/offer/wp-includes/js/jquery/ui/widget.min.js?ver=1.11.4,1
203.171.243.198,62,https://paytm.com:443/api/user/favourite?channel=web&version=2,1
210.7.79.66,63,https://paytm.com:443/offer/wp-includes/js/jquery/ui/mouse.min.js?ver=1.11.4,1
49.207.206.104,69,https://paytm.com:443/shop/h/electronics?utm_source=Affiliates&utm_medium=VCOMM&utm_campaign=VCOMM-generic&utm_term=1064,1
59.182.82.126,69,https://paytm.com:443/offer/wp-content/uploads/2015/06/list1.png,1
59.182.82.126,69,https://paytm.com:443/offer/wp-content/plugins/images-thumbnail-sliderv1/css/images-thumbnail-sliderv1-style.css?ver=4.2.2,1
103.224.145.201,8,https://paytm.com:443/papi/v1/promosearch/product/14069235/offers?parent_id=8500728&price=599&channel=web&version=2,1
106.201.229.150,8,https://paytm.com:443/,2
106.223.74.183,8,https://paytm.com:443/shop/login?isIframe=true&theme=mp-web,1
106.76.249.43,11,https://paytm.com:443/shop/wallet/balance,1
112.79.35.196,14,https://paytm.com:443/images/greyStar.png,1
117.196.97.75,21,https://paytm.com:443/shop/cart,1
117.199.244.155,21,https://paytm.com:443/shop?utm_source=Affiliates&utm_medium=Payoom&utm_campaign=Payoom,1
117.239.210.100,23,https://paytm.com:443/,2
120.56.180.71,28,https://paytm.com:443/shop/orderdetail/1117921598?channel=web&version=2,1
123.108.200.110,33,https://paytm.com:443/opensearch.xml,1
124.253.30.19,33,https://paytm.com:443/api/v1/expresscart/checkout?wallet=1,1
125.17.161.253,35,https://paytm.com:443/,3
14.96.1.66,38,https://paytm.com:443/shop/cart?channel=web&version=2,4
148.164.0.250,43,https://paytm.com:443/offer/wp-content/uploads/2015/07/470X220_books.jpg,1
148.164.0.250,43,https://paytm.com:443/offer/wp-content/plugins/owl-carousel/css/owl.theme.css?ver=4.2.2,1
164.100.32.4,46,https://paytm.com:443/shop/cart?channel=web&version=2,1
165.225.104.51,47,https://paytm.com:443/,1
165.225.104.51,50,https://paytm.com:443/offer/wp-content/plugins/wc-gallery/includes/js/flexslider/flexslider.css?ver=2.2.0,1
175.101.16.33,54,https://paytm.com:443/papi/v1/promosearch/product/5774319/offers?parent_id=0&price=899&channel=web&version=2,1
202.131.125.150,82,https://paytm.com:443/papi/nps/merchantrating?merchant_id=20344&channel=web&version=2,1
27.97.167.119,84,https://paytm.com:443/offer/wp-content/uploads/2015/01/bootstrap.min_.css,1
1.38.19.248,2,https://paytm.com:443/offer/wp-content/plugins/owl-carousel/css/styles.css?ver=4.2.2,1
103.232.129.179,5,https://paytm.com:443/offer/wp-content/plugins/owl-carousel/css/styles.css?ver=4.2.2,1
103.254.202.210,6,https://paytm.com:443/offer/wp-content/uploads/2015/07/main_sports_health_14jul.jpg,1
103.27.171.56,8,https://paytm.com:443/offer/wp-content/plugins/really-simple-facebook-twitter-share-buttons/images/facebook-share.png,1
103.27.171.56,8,https://paytm.com:443/papi/nps/merchantrating?merchant_id=31048&channel=web&version=2,1
103.47.169.241,15,https://paytm.com:443/shop/cart?channel=web&version=2,1
106.196.200.59,15,https://paytm.com:443/shop/cart?channel=web&version=2,2
106.76.108.194,15,https://paytm.com:443/shop/log,2
115.250.33.221,19,https://paytm.com:443/papi/v1/promosearch/product/17441247/offers?parent_id=14505851&price=485&channel=web&version=2,1
116.212.183.194,19,https://paytm.com:443/papi/v1/promosearch/product/12676746/offers?parent_id=0&price=785&channel=web&version=2,2
117.20.40.43,22,https://paytm.com:443/offer/wp-content/uploads/2015/06/TCpage_23june.jpg,1
117.201.213.86,24,https://paytm.com:443/shop/orderhistory?pagesize=10&channel=web&version=2,2
117.228.127.170,25,https://paytm.com:443/papi/v1/promosearch/product/13832721/offers?parent_id=1833026&price=3050&channel=web&version=2,1
120.88.37.214,26,https://paytm.com:443/shop/cart?channel=web&version=2,1
122.167.116.231,26,https://paytm.com:443/shop/orderdetail/1089716531?actions=1&channel=web&version=2,3
123.239.172.16,28,https://paytm.com:443/shop/user/address,1
14.139.243.10,35,https://paytm.com:443/offer/wp-content/plugins/owl-carousel/js/owl.carousel.js?ver=4.2.2,1
168.235.195.227,38,https://paytm.com:443/,1
180.151.86.186,40,https://paytm.com:443/offer/wp-content/plugins/wp-thumbnail-slider/css/wpt-slide.css?ver=4.2.2,1
182.65.75.254,48,https://paytm.com:443/offer/wp-content/plugins/wp-social-sharing/static/socialshare.js?ver=1.3,1
182.65.75.254,48,https://paytm.com:443/offer/wp-content/plugins/really-simple-facebook-twitter-share-buttons/images/facebook-share.png,1
183.82.209.209,50,https://paytm.com:443/offer/wp-content/plugins/wc-gallery/includes/js/owlcarousel/assets/owl.theme.default.css?ver=2.0.0,1
202.131.154.20,51,https://paytm.com:443/offer/wp-content/uploads/2015/07/ledq.jpg,1
202.153.37.92,58,https://paytm.com:443/papi/rr/products/5740620/statistics?channel=web&version=2,1
202.74.105.72,67,https://paytm.com:443/papi/nps/merchantverification,1
59.161.164.4,81,https://paytm.com:443/papi/nps/merchantrating?merchant_id=50996&channel=web&version=2,7
1.23.51.101,1,https://paytm.com:443/papi/v1/promosearch/product/7364752/offers?parent_id=1907978&price=2350&channel=web&version=2,1
101.221.131.38,9,https://paytm.com:443/offer/wp-content/plugins/wc-gallery/includes/js/owlcarousel/assets/owl.theme.default.css?ver=2.0.0,1
113.21.77.174,30,https://paytm.com:443/?utm_medium=affiliate&utm_source=Netcore_mailer&utm_campaign=ElectronicSale-20072015&utm_term=aff3-E,1
115.111.223.67,33,https://paytm.com:443/offer/wp-content/themes/twentytwelve/style.css?ver=4.2.2,1
115.249.141.249,35,https://paytm.com:443/papi/nps/merchantverification,1
117.230.71.223,38,https://paytm.com:443/shop/cart,1
119.252.208.59,40,https://paytm.com:443/offer/wp-content/uploads/2015/07/pesoal.jpg,1
119.252.208.59,40,https://paytm.com:443/offer/wp-includes/js/jquery/ui/widget.min.js?ver=1.11.4,1
119.252.208.59,40,https://paytm.com:443/offer/wp-content/plugins/wp-image-slider-with-lightbox/js/slider-plus-lightbox-js.js?ver=4.2.2,1
125.20.39.66,50,https://paytm.com:443/papi/v1/promosearch/product/12371387/offers?parent_id=0&price=210&channel=web&version=2,1
125.20.39.66,50,https://paytm.com:443/shop/log,1
14.140.124.90,53,https://paytm.com:443/shop/v1/frequentorders?channel=web&version=2,1
14.140.124.90,54,https://paytm.com:443/papi/rr/products/7639090/statistics?channel=web&version=2,1
161.69.206.27,56,https://paytm.com:443/shop/p/anekaant-geometric-orange-cotton-hand-bag-WBAGSS00ADB3073FADOGFR,1
161.69.206.27,56,https://paytm.com:443/papi/rr/products/16253093/statistics?channel=web&version=2,1
168.235.196.177,60,https://paytm.com:443/offer/wp-content/plugins/wc-gallery/includes/js/owlcarousel/assets/owl.theme.default.css?ver=2.0.0,1
168.235.197.110,61,https://paytm.com:443/blog/wp-includes/js/wp-emoji-release.min.js?ver=4.2.2,1
180.148.38.212,66,https://paytm.com:443/offer/wp-content/plugins/owl-carousel/js/owl.carousel.js?ver=4.2.2,1
182.69.247.201,66,https://paytm.com:443/papi/rr/products/10577189/statistics?channel=web&version=2,1
182.69.86.151,66,https://paytm.com:443/api/v1/expresscart/checkout?wallet=1,1
202.88.237.95,72,https://paytm.com:443/shop/labels?vertical_id=9&item_status=25&channel=web&details=1&version=2,1
223.176.186.5,74,https://paytm.com:443/papi/nps/merchantrating?merchant_id=39090&channel=web&version=2,1
27.5.17.168,75,https://paytm.com:443/papi/nps/merchantrating?merchant_id=40795&channel=web&version=2,1
27.5.54.149,75,https://paytm.com:443/papi/rr/products/15572629/statistics?channel=web&version=2,1
59.88.0.106,88,https://paytm.com:443/papi/nps/merchantrating?merchant_id=24916&channel=web&version=2,1
8.37.227.179,91,https://paytm.com:443/offer/wp-content/plugins/wp-image-slider-with-lightbox/css/slider-plus-lightbox-style.css?ver=4.2.2,2
8.37.227.54,93,https://paytm.com:443/offer/wp-content/plugins/images-thumbnail-sliderv1/js/jc.js?ver=4.2.2,1
8.37.227.54,93,https://paytm.com:443/offer/wp-includes/js/jquery/ui/position.min.js?ver=1.11.4,1
106.51.233.125,11,https://paytm.com:443/papi/v1/promosearch/product/9403322/offers?parent_id=9403334&price=195&channel=web&version=2,1
111.92.116.187,19,https://paytm.com:443/,1
117.198.243.117,26,https://paytm.com:443/,6
117.205.35.235,26,https://paytm.com:443/,1
118.102.158.2,26,https://paytm.com:443/shop/g/home-kitchen/the-home-store/cleaning-mops-extra-40-off?utm_source=affiliate&utm_medium=innovativelead&utm_campaign=innovativelead-generic&utm_term=26,1
122.179.151.34,30,https://paytm.com:443/?utm_medium=affiliate&utm_source=Netcore_mailer&utm_campaign=ElectronicSale-20072015&utm_term=aff3-E,2
124.124.20.38,31,https://paytm.com:443/papi/nps/merchantrating?merchant_id=30110&channel=web&version=2,1
216.185.39.58,57,https://paytm.com:443/shop/summary/1116557087,1
49.14.253.200,64,https://paytm.com:443/favicon.ico,1
49.206.154.118,64,https://paytm.com:443/shop/g/books-media-stationery/stationery/paper-products-diaries-notebook?sort_popular=1&brand=92471&browser=1&client=androidapp&version=4.4.2,1
81.255.155.161,71,https://paytm.com:443/favicon.ico,1
1.39.34.85,1,https://paytm.com:443/offer/wp-includes/js/masonry.min.js?ver=3.1.2,1
106.213.4.41,16,https://paytm.com:443/,1
106.67.144.129,17,https://paytm.com:443/idea-prepaid-mobile-online-recharge.htm?gclid=Cj0KEQjw27etBRDA3-ux4p3c58EBEiQAkJzTAP6zNM1zutccCEyJ9uNTTzPicvZ8mril6LpvOBrGMR8aAtH68P8HAQ,1
111.92.66.158,18,https://paytm.com:443/offer/wp-content/plugins/owl-carousel/css/owl.carousel.css?ver=4.2.2,1
111.92.66.158,18,https://paytm.com:443/offer/wp-content/plugins/wp-responsive-slider-with-lightbox/images/vl-box/controls.png,1
111.93.226.254,19,https://paytm.com:443/shop/orderdetail/1112631515?actions=1&channel=web&version=2,1
115.113.202.66,24,https://paytm.com:443/offer/wp-content/plugins/image-slider-responsive/css/flexslider.css?ver=4.2.2,2
115.184.125.151,25,https://paytm.com:443/offer/wp-content/plugins/contact-form-7/includes/css/styles.css?ver=4.0.3,1
115.241.98.52,26,https://paytm.com:443/coupons,10
117.196.225.150,27,https://paytm.com:443/shop/orderdetail/1117861420?channel=web&version=2,2
117.205.77.214,27,https://paytm.com:443/offer/wp-includes/js/jquery/ui/accordion.min.js?ver=1.11.4,1
117.218.165.220,28,https://paytm.com:443/?utm_medium=affiliate&utm_source=Netcore_mailer&utm_campaign=ElectronicSale-20072015&utm_term=aff3-E,1
117.222.103.60,28,https://paytm.com:443/offer/wp-content/plugins/wp-image-slider-with-lightbox/css/jquery.lbox.css?ver=4.2.2,1
120.59.167.202,29,https://paytm.com:443/shop/h/electronics?utm_term=1,1
120.62.37.68,30,https://paytm.com:443/offer/wp-content/uploads/2014/12/slider-pro.min_.css,1
122.176.155.103,34,https://paytm.com:443/papi/v1/promosearch/product/9205088/offers?parent_id=10772880&price=3131&channel=web&version=2,1
124.123.137.214,39,https://paytm.com:443/shop/v1/frequentorders?channel=web&version=2,1
144.188.128.6,47,https://paytm.com:443/papi/v1/promosearch/product/13801555/offers?parent_id=13801559&price=5000&channel=web&version=2,1
182.68.178.67,52,https://paytm.com:443/papi/nps/merchantrating?merchant_id=67223&channel=web&version=2,1
182.71.204.30,52,https://paytm.com:443/offer/wp-content/uploads/2015/07/470x220_19july.jpg,1
45.114.60.119,63,https://paytm.com:443/papi/rr/products/12031523/statistics?channel=web&version=2,1
54.161.219.27,65,https://paytm.com:443/shop/cart?channel=web&version=2,1
1.39.14.11,2,https://paytm.com:443/shop/wallet/txnhistory?page_size=10&page_number=0&channel=web&version=2,1
103.232.131.38,8,https://paytm.com:443/shop/cart?channel=web&version=2,1
113.193.226.58,22,https://paytm.com:443/shop/v1/frequentorders?channel=web&version=2,2
115.245.155.176,22,https://paytm.com:443/shop/cart?channel=web&version=2,1
115.245.18.3,22,https://paytm.com:443/papi/v1/promosearch/product/14231538/offers?parent_id=14231563&price=1749&channel=web&version=2,1
117.200.234.99,29,https://paytm.com:443/papi/v1/promosearch/product/14508137/offers?parent_id=14508138&price=2390&channel=web&version=2,1
117.206.123.113,29,https://paytm.com:443/shop/cart?channel=web&version=2,1
117.224.119.85,31,https://paytm.com:443/offer/wp-content/plugins/images-thumbnail-sliderv1/js/jc.js?ver=4.2.2,1
122.161.20.90,37,https://paytm.com:443/shop/orderhistory?pagesize=10&channel=web&version=2,1
122.170.157.136,39,https://paytm.com:443/papi/nps/merchantrating?merchant_id=56253&channel=web&version=2,1
124.253.233.96,40,https://paytm.com:443/offer/wp-content/plugins/easy-logo-slider/css/jcarouselresponsive.css?ver=4.2.2,1
14.139.250.94,41,https://paytm.com:443/shop/login?isIframe=true&theme=mp-web,1
14.97.112.146,44,https://paytm.com:443/shop/cart,1
14.97.231.105,45,https://paytm.com:443/shop/cart?channel=web&version=2,2
171.49.84.96,51,https://paytm.com:443/shop/cart,2
182.59.172.238,57,https://paytm.com:443/?utm_source=Affiliates&utm_medium=OMG&utm_campaign=OMG&utm_term=183476_CHKR5737629,1
198.208.209.37,62,https://paytm.com:443/shop/p/reebok-silver-sport-shoes-size-6-FOOREEBOK-SILVEPEAR211641A0D9636,1
202.65.136.37,64,https://paytm.com:443/shop/cart?channel=web&version=2,2
203.99.215.42,67,https://paytm.com:443/api/v1/expresscart/checkout?wallet=1,1
217.137.246.17,69,https://paytm.com:443/papi/nps/merchantrating?merchant_id=28981&channel=web&version=2,1
223.176.36.71,71,https://paytm.com:443/offer/wp-content/uploads/2015/07/bb.png,1
49.204.22.12,75,https://paytm.com:443/offer/wp-content/plugins/contact-form-7/includes/js/jquery.form.min.js?ver=3.51.0-2014.06.20,1
61.16.154.122,77,https://paytm.com:443/shop/g/paytm-home/men-s-kids-apparel/jeans,2
72.163.220.17,81,https://paytm.com:443/,1
92.99.197.13,84,https://paytm.com:443/offer/wp-content/plugins/logo-slider/lgs_jquery.cycle2.js?ver=4.2.2,1
115.118.239.102,20,https://paytm.com:443/offer/wp-content/plugins/wc-gallery/includes/css/style.css?ver=1.26,1
117.192.53.38,21,https://paytm.com:443/offer/wp-content/plugins/wc-gallery/includes/js/owlcarousel/assets/owl.carousel.min.css?ver=2.0.0,1
117.195.168.96,21,https://paytm.com:443/shop?utm_source=Affiliates&utm_medium=VCOMM&utm_campaign=VCOMM&utm_term=32178,1
117.244.80.159,25,https://paytm.com:443/shop/wallet/balance?channel=web&version=2,1
119.82.102.50,25,https://paytm.com:443/offer/wp-content/uploads/2014/12/jquery.sliderPro.min_.js,1
122.163.138.17,28,https://paytm.com:443/shop/summary/1116538969,1
122.166.172.146,29,https://paytm.com:443/offer/,1
122.177.115.207,31,https://paytm.com:443/shop/v1/frequentorders?channel=web&version=2,2
14.99.26.152,39,https://paytm.com:443/papi/v1/expresscart/verify,1
183.82.207.78,45,https://paytm.com:443/offer/wp-content/uploads/2015/07/meruwer_1.jpg,1
183.87.6.12,45,https://paytm.com:443/,1
203.163.103.76,51,https://paytm.com:443/shop/g/paytm-home/end-of-season-sale-women-accessories/fossil-watches,1
223.176.56.32,60,https://paytm.com:443/offer/wp-content/uploads/2015/03/Screenshot-Wallet_P2P-money-transfer.jpg,1
27.251.22.74,63,https://paytm.com:443/papi/nps/merchantrating?merchant_id=70947&channel=web&version=2,1
43.251.88.147,65,https://paytm.com:443/papi/nps/merchantrating?merchant_id=24016&channel=web&version=2,1
49.156.159.42,65,https://paytm.com:443/papi/v1/promosearch/product/16410170/offers?parent_id=12689141&price=1250&channel=web&version=2,1
49.206.249.121,66,https://paytm.com:443/shop/cart?channel=web&version=2,1
54.252.79.172,74,https://paytm.com:443/,3
1.22.22.50,0,https://paytm.com:443/shop/orderdetail/1117922435?channel=web&version=2,1
1.39.96.246,7,https://paytm.com:443/indexApp.htm,1
103.224.36.2,10,https://paytm.com:443/papi/rr/products/13106415/statistics?channel=web&version=2,1
103.246.67.12,14,https://paytm.com:443/blog/wp-includes/js/wp-emoji-release.min.js?ver=4.2.2,1
103.246.67.12,14,https://paytm.com:443/undefined,2
115.96.32.30,24,https://paytm.com:443/,1
117.192.94.239,24,https://paytm.com:443/shop/cart?channel=web&version=2,3
117.248.2.133,25,https://paytm.com:443/shop/orderhistory?pagesize=10&channel=web&version=2,3
14.139.114.71,33,https://paytm.com:443/offer/wp-content/uploads/2015/03/google_badge_80.png,1
144.36.128.137,37,https://paytm.com:443/scripts/paytmAd.js,1
144.36.128.137,38,https://paytm.com:443/shop/p/woodland-grey-leather-sandals-size-8-FOOWOODLAND-GRECHEE32387180A310A,1
148.177.1.210,38,https://paytm.com:443/shop/p/nike-black-and-orange-sport-shoes-size-7-FOONIKE-BLACK-AW-S-4236268154988,1
182.73.95.98,43,https://paytm.com:443/papi/rr/products/4081078/statistics?channel=web&version=2,1
27.124.7.21,48,https://paytm.com:443/blog/wp-includes/js/jquery/jquery-migrate.min.js?ver=1.2.1,1
37.228.104.250,55,https://paytm.com:443/styles/app.css,2
54.169.78.20,57,https://paytm.com:443/shop/p/nikon-coolpix-l840-16-mp-advanced-point-shoot-camera-black-CAMNIKON-COOLPIDUMM14120ABD568_37449,1
54.169.78.20,57,https://paytm.com:443/shop/p/lava-arc-lite+-CMPLXLAVA_ARCLITEPLUS_NULL_BLACK&BLUE,1
54.169.78.20,57,https://paytm.com:443/shop/p/samsung-galaxy-a7-gold-CMPLXMOBSAMSUNG-GALASZON272766305BE7,1
54.169.78.20,57,https://paytm.com:443/shop/p/lava-kkt-40-power-blue-black-CMPLXMOBLAVA-KKT-40-DAZE2135762152580,1
54.169.78.20,57,https://paytm.com:443/shop/p/sony-xperia-e3-ds-yellow-MOBSONY-XPERIA-SK-R30876CE6E213E,1
54.169.78.20,57,https://paytm.com:443/shop/p/intex-aqua-4-5-e-blue-black-MOBINTEX-AQUA-4DUMM141FAC189D3_41439,1
61.0.173.151,62,https://paytm.com:443/favicon.ico,1
103.18.71.12,7,https://paytm.com:443/images/greyStar.png,1
103.38.88.50,16,https://paytm.com:443/bus-tickets/search/Hyderabad/Ongole/2015-07-24/2,1
106.51.242.193,18,https://paytm.com:443/shop/summary/1118081772,1
112.196.134.158,22,https://paytm.com:443/papi/nps/merchantrating?merchant_id=21564&channel=web&version=2,1
113.193.195.83,22,https://paytm.com:443/papi/v1/promosearch/product/15574874/offers?parent_id=13539386&price=1492&channel=web&version=2,1
115.119.142.211,26,https://paytm.com:443/offer/wp-content/plugins/wc-gallery/includes/css/style.css?ver=1.26,1
117.239.92.33,31,https://paytm.com:443/offer/wp-content/plugins/wp-responsive-slider-with-lightbox/images/vl-box/controls.png,1
117.239.92.33,31,https://paytm.com:443/offer/wp-content/themes/twentytwelve/js/navigation.js?ver=20140318,1
119.42.152.184,33,https://paytm.com:443/papi/nps/merchantrating?merchant_id=45974&channel=web&version=2,1
122.172.50.97,39,https://paytm.com:443/papi/nps/merchantrating?merchant_id=23128&channel=web&version=2,1
122.248.161.141,44,https://paytm.com:443/offer/wp-content/uploads/2015/07/main_sports_health_14jul.jpg,1
14.139.160.230,57,https://paytm.com:443/shop/cart,1
180.179.40.28,73,https://paytm.com:443/offer/wp-content/uploads/2015/07/bb.png,1
202.56.239.125,87,https://paytm.com:443/shop/cart?channel=web&version=2,3
206.213.43.100,91,https://paytm.com:443/offer/wp-content/plugins/images-thumbnail-sliderv1/css/images-thumbnail-sliderv1-style.css?ver=4.2.2,1
43.250.252.2,104,https://paytm.com:443/papi/nps/merchantrating?merchant_id=54407&channel=web&version=2,1
49.207.64.139,108,https://paytm.com:443/scripts/web/angular-datepicker.js,1
70.39.187.225,111,https://paytm.com:443/offer/wp-content/plugins/images-thumbnail-sliderv1/css/images-thumbnail-sliderv1-style.css?ver=4.2.2,2
8.37.224.59,113,https://paytm.com:443/code?code=d17b0f3c-195a-4993-9564-0f607b0eb2f1,1
1.38.23.80,1,https://paytm.com:443/,1
106.216.166.231,15,https://paytm.com:443/shop/p/maybelline-super-stay-14-hr-lipstick-3-3-g-eternal-rose-020-BEAMAYBELLINE-SGAYA28981C3954DB3,1
106.67.122.209,15,https://paytm.com:443/papi/v1/promosearch/product/12269079/offers?parent_id=6867718&price=659&channel=web&version=2,1
106.67.56.17,15,https://paytm.com:443/blog/wp-includes/js/wp-emoji-release.min.js?ver=4.2.2,1
115.117.219.63,22,https://paytm.com:443/shop/p/woodland-khaki-slippers-size-40-FOOWOODLAND-KHAAERO212596A7C740F,1
115.118.52.241,23,https://paytm.com:443/papi/v1/promosearch/product/5821120/offers?parent_id=0&price=990&channel=web&version=2,1
115.118.52.241,23,https://paytm.com:443/papi/nps/merchantrating?merchant_id=60511&channel=web&version=2,1
117.241.164.19,26,https://paytm.com:443/shop/cart?channel=web&version=2,1
122.160.79.222,32,https://paytm.com:443/,1
122.161.137.182,32,https://paytm.com:443/papi/nps/merchantrating?merchant_id=25671&channel=web&version=2,1
122.173.206.13,34,https://paytm.com:443/shop/p/hitcolus-black-sport-shoe-size-5-FOOHITCOLUS-BLAHEAV267721E910461,1
14.141.173.146,46,https://paytm.com:443/papi/nps/merchantrating?merchant_id=23206&channel=web&version=2,1
14.96.186.87,50,https://paytm.com:443/offer/wp-content/plugins/wc-gallery/includes/css/magnific-popup.css?ver=0.9.9,1
168.235.194.186,53,https://paytm.com:443/shop/p/woodland-brown-woodland-hiking-shoes-size-8-MCSUALMSHO500BR1ZZBR88?utm_source=affiliates&utm_medium=buyhatke&utm_campaign=buyhatke-generic,1
182.73.35.202,64,https://paytm.com:443/shop/g/women/clothes-indian-ethnic/dress-materials?sort_popular=1&gclid=CKqL3J30k8YCFQR9vQodIakAww,1
183.83.18.221,68,https://paytm.com:443/papi/nps/merchantrating?merchant_id=57185&channel=web&version=2,1
49.207.165.83,76,https://paytm.com:443/shop?utm_source=affiliates&utm_medium=icubeswire&utm_campaign=icubeswire&utm_term=10480,1
59.94.16.121,76,https://paytm.com:443/shop,1
61.1.32.65,76,https://paytm.com:443/shop/p/micromax-canvas-spark-q380-dual-sim-8-gb-grey-MOBMICROMAX-CANPROF351064CF35C88?utm_source=Affiliates&utm_medium=msp&utm_campaign=msp,1
106.194.42.164,10,https://paytm.com:443/offer?utm_source=Affiliates&utm_medium=OMG&utm_campaign=OMG&utm_term=762154_,1
113.193.110.124,22,https://paytm.com:443/shop/h/electronics,1
115.118.145.138,22,https://paytm.com:443/shop/g/paytm-home/today-s-blockbuster-sale/eoss-jeans-extra-50-off,1
116.72.242.202,22,https://paytm.com:443/offer/wp-content/plugins/image-slider-responsive/css/flexslider.css?ver=4.2.2,1
117.212.17.150,25,https://paytm.com:443/papi/rr/products/13499694/statistics?channel=web&version=2,1
117.212.244.58,25,https://paytm.com:443/offer/wp-content/uploads/2015/01/bootstrap.min_.css,1
117.218.177.101,26,https://paytm.com:443/favicon.ico,1
117.219.47.147,27,https://paytm.com:443/papi/nps/merchantrating?merchant_id=61371&channel=web&version=2,1
125.18.133.100,42,https://paytm.com:443/papi/v1/promosearch/product/9444993/offers?parent_id=4339987&price=2995&channel=web&version=2,1
180.179.213.71,57,https://paytm.com:443/shop/p/htc-one-m9-plus-gold-silver-MOBHTC-ONE-M9-PIT-S39209D0260C7,1
210.7.66.226,77,https://paytm.com:443/shop/p/nike-green-sports-shoes-size-8-5-FOONIKE-GREEN-STRUS6508895C862D2,1
27.124.24.161,81,https://paytm.com:443/shop/summary/1116226403,1
49.204.214.22,84,https://paytm.com:443/offer/wp-content/plugins/owl-carousel/css/styles.css?ver=4.2.2,1
49.207.89.94,84,https://paytm.com:443/shop/cart?channel=web&version=2,1
59.178.168.89,85,https://paytm.com:443/offer/wp-content/plugins/wp-image-slider-with-lightbox/css/jquery.lbox.css?ver=4.2.2,1
59.88.136.45,85,https://paytm.com:443/shop/p/rs-500-off-at-peter-england-store-DEARS-500-OFF-APAYT4BA0BC3C1,1
70.39.187.162,87,https://paytm.com:443/offer/wp-content/themes/twentytwelve/js/navigation.js?ver=20140318,1
70.39.187.162,87,https://paytm.com:443/blog/wp-admin/admin-ajax.php,3
70.39.187.162,87,https://paytm.com:443/blog/wp-content/plugins/jetpack/_inc/genericons/genericons/genericons.css?ver=3.1,3
70.39.187.162,87,https://paytm.com:443/offer/wp-content/plugins/owl-carousel/css/owl.transitions.css?ver=4.2.2,1
1.39.11.24,0,https://paytm.com:443/offer/wp-includes/js/jquery/ui/button.min.js?ver=1.11.4,1
1.39.63.24,1,https://paytm.com:443/shop/p/spelax-grey-sports-shoes-free-32gb-memory-card-CMPLXFOOSPELAX-GREY-GRAB7352486E66CD4?utm_source=Affiliates&utm_medium=OMG&utm_campaign=OMG&utm_term=420791_,1
101.214.234.41,2,https://paytm.com:443/papi/rr/products/9365400/statistics?channel=web&version=2,1
103.14.125.50,3,https://paytm.com:443/shop/orderdetail/1116532068?channel=web&version=2,1
106.202.45.1,8,https://paytm.com:443/offer/,1
106.51.110.242,8,https://paytm.com:443/shop/wallet/txnhistory?page_size=10&page_number=0&channel=web&version=2,1
116.203.50.139,19,https://paytm.com:443/shop/authresponse?code=115e5fa8-45d2-47dd-a4ed-3835bd377ce7,1
117.242.67.221,20,https://paytm.com:443/papi/rr/products/10742304/statistics?channel=web&version=2,2
120.61.204.61,24,https://paytm.com:443/shop/p/samsung-eta-u90ewe-usb-charger-for-all-samsung-mobiles-white-MOBSAMSUNG-ETA-DUMM141586DE5B9_38919,3
124.253.71.17,33,https://paytm.com:443/shop/orderdetail/1115377757,1
202.62.84.211,59,http://www.paytm.com:80/,1
203.189.176.14,63,https://paytm.com:443/offer/wp-content/plugins/wonderplugin-carousel/engine/wonderplugincarouselskins.js?ver=3.8,1
218.248.17.226,68,https://paytm.com:443/styles/app.css,1
219.91.188.92,68,https://paytm.com:443/offer/wp-content/plugins/wp-image-slider-with-lightbox/js/slider-plus-lightbox-js.js?ver=4.2.2,1
223.176.50.126,69,https://paytm.com:443/shop/orderdetail/1116648247?channel=web&version=2,1
23.236.125.31,69,https://paytm.com:443/offer/wp-content/plugins/wp-image-slider-with-lightbox/js/jquery.lbox.min.js?ver=4.2.2,1
54.240.197.2,82,https://paytm.com:443/shop/p/the-twentieth-wife-CMPLXBOOKS_9789350292105_20038,1
59.91.96.97,83,https://paytm.com:443/offer/wp-includes/js/wp-emoji-release.min.js?ver=4.2.2,1
1.22.128.184,0,https://paytm.com:443/offer/wp-content/plugins/wp-thumbnail-slider/css/wpt-slide.css?ver=4.2.2,1
1.39.13.4,2,https://paytm.com:443/offer/wp-includes/js/jquery/ui/core.min.js?ver=1.11.4,1
103.232.129.70,14,https://paytm.com:443/coupons?utm_source=Affiliates&utm_medium=Payoom&utm_campaign=Payoom,1
103.27.171.66,17,https://paytm.com:443/papi/v1/promosearch/product/17598557/offers?parent_id=5179305&price=286&channel=web&version=2,1
103.27.171.66,17,https://paytm.com:443/offer/wp-content/plugins/wp-awesome-faq/accordion.js?ver=1,1
106.51.152.221,20,https://paytm.com:443/offer/wp-content/plugins/wc-gallery/includes/js/owlcarousel/assets/owl.carousel.min.css?ver=2.0.0,1
106.78.93.149,20,https://paytm.com:443/papi/rr/products/13341347/statistics?channel=web&version=2,1
113.193.10.196,34,https://paytm.com:443/shop/p/funskool-bead-studio-KEDUTS0TF9794000NANANA?utm_source=Affiliates&utm_medium=OMG&utm_campaign=OMG&utm_term=785409_,1
113.193.10.196,34,https://paytm.com:443/shop/p/funskool-tr-cluedo-dom-KINDORFSK9563000NANANA?utm_source=Affiliates&utm_medium=OMG&utm_campaign=OMG&utm_term=785409_,1
115.242.139.150,35,https://paytm.com:443/shop/cart?channel=web&version=2,5
115.250.66.168,36,https://paytm.com:443/shop/wallet/balance?channel=web&version=2,1
117.207.94.177,42,https://paytm.com:443/shop/user/address?channel=web&version=2,4
117.212.99.137,42,https://paytm.com:443/?utm_medium=affiliate&utm_source=Netcore_mailer&utm_campaign=ElectronicSale-20072015&utm_term=aff3-E,1
120.60.18.31,48,https://paytm.com:443/shop/cart?channel=web&version=2,1
122.171.175.240,49,https://paytm.com:443/blog/wp-content/uploads/2015/07/Paytm_Sale.jpg,1
122.180.53.66,49,https://paytm.com:443/shop/p/woodland-navy-casual-shoes-size-7-FOOWOODLAND-NAVAERO212597F9A1273,1
14.141.147.107,63,https://paytm.com:443/papi/rr/products/15402417/statistics?channel=web&version=2,1
180.215.122.229,66,https://paytm.com:443/offer/wp-content/uploads/2015/07/logo33.gif,1
182.72.183.234,66,https://paytm.com:443/scripts/web/busTicketPromotion.js,1
183.87.39.174,71,https://paytm.com:443/shop/cart?channel=web&version=2,1
203.110.247.221,74,https://paytm.com:443/favicon.ico,1
210.212.29.147,74,https://paytm.com:443/offer/wp-content/themes/twentytwelve/js/html5.js,1
27.48.204.91,79,https://paytm.com:443/papi/nps/merchantrating?merchant_id=30102&channel=web&version=2,1
45.115.188.131,81,https://paytm.com:443/shop/orderhistory?pagesize=10&channel=web&version=2,1
49.205.89.35,81,https://paytm.com:443/papi/v1/promosearch/product/9523581/offers?parent_id=0&price=660&channel=web&version=2,1
59.89.20.31,81,https://paytm.com:443/offer/wp-content/plugins/owl-carousel/css/owl.carousel.css?ver=4.2.2,1
66.249.71.101,83,http://paytm.com:80/shop/g/bargain-store/bargain-shop/zone/suites-blazers,1
66.249.71.118,84,https://paytm.com:443/shop/p/tupperware-assorted-one-touch-topper-container-CMPLXHOMTUPPERWARE-ASRI-55102EE2DEE41,1
66.249.71.118,85,https://paytm.com:443/shop/p/bombay-dyeing-double-bedsheet-with-2-pillow-cover-HOHOMELTINE85592OHMUFR,1
66.249.71.118,85,https://paytm.com:443/shop/g/home-and-kitchen/home-decor/clocks?_escaped_fragment_=,1
106.77.114.19,10,https://paytm.com:443/offer/wp-content/plugins/image-slider-responsive/css/flexslider.css?ver=4.2.2,1
106.77.114.19,10,https://paytm.com:443/offer/,1
107.167.109.95,10,https://paytm.com:443/,3
116.203.240.84,21,https://paytm.com:443/shop/cart?channel=web&version=2,1
116.203.76.36,21,https://paytm.com:443/shop/summary/1115392484,1
123.255.250.18,27,https://paytm.com:443/papi/v1/promosearch/product/15901703/offers?parent_id=13220702&price=27500&channel=web&version=2,1
124.40.244.134,29,https://paytm.com:443/blog/wp-content/plugins/jetpack/modules/related-posts/related-posts.js?ver=20150408,1
168.235.194.33,35,https://paytm.com:443/shop/g/women/bags-wallets/women-s-bag-store/pocket-shopping/sling-bags-below-699?utm_source=affiliates&utm_medium=grabon&utm_campaign=grabon,1
180.151.187.83,38,https://paytm.com:443/shop/wallet/txnhistory?page_size=10&page_number=0&channel=web&version=2,2
182.59.253.138,38,https://paytm.com:443/shop/g/electronics/computers-accessories/computer-accessories-store/extra-18-off-on-laptops?utm_medium=affiliate&utm_source=Netcore_mailer&utm_campaign=ElectronicSale-20072015&utm_term=aff5,1
203.101.101.207,44,https://paytm.com:443/papi/nps/merchantrating?merchant_id=20439&channel=web&version=2,1
223.196.223.162,47,https://paytm.com:443/shop/wallet/balance?channel=web&version=2,2
49.207.175.2,54,https://paytm.com:443/papi/v1/promosearch/product/11149212/offers?parent_id=2111101&price=745&channel=web&version=2,1
70.39.186.252,57,https://paytm.com:443/offer/wp-content/plugins/wp-awesome-faq/images/ui-bg_glass_95_fef1ec_1x400.png,1
103.238.158.251,11,https://paytm.com:443/shop/cart?channel=web&version=2,4
103.44.12.161,15,https://paytm.com:443/offer/mysmartprice/,2
115.187.59.98,32,https://paytm.com:443/shop/cart?channel=web&version=2,1
117.216.101.14,38,https://paytm.com:443/shop/h/electronics?utm_source=Affiliates&utm_medium=VCOMM&utm_campaign=VCOMM-generic&utm_term=24890,1
117.232.254.121,38,https://paytm.com:443/favicon.ico,1
117.241.147.119,38,https://paytm.com:443/papi/nps/merchantrating?merchant_id=45130&channel=web&version=2,1
122.161.179.184,49,https://paytm.com:443/shop/p/spelax-grey-sports-shoes-free-16gb-memory-card-CMPLXFOOSPELAX-GREY-GRAB73524766FD214?utm_source=Affiliates&utm_medium=Payoom&utm_campaign=Payoom,2
123.237.173.223,49,https://paytm.com:443/electricity,1
163.47.155.253,55,https://paytm.com:443/logout,1
168.235.197.117,58,https://paytm.com:443/paytmcash,1
202.142.68.163,72,https://paytm.com:443/shop,1
223.176.150.10,78,https://paytm.com:443/offer/wp-content/plugins/owl-carousel/css/owl.transitions.css?ver=4.2.2,1
223.176.150.10,78,https://paytm.com:443/offer/wp-content/themes/twentytwelve/style.css?ver=4.2.2,1
49.156.68.161,83,https://paytm.com:443/offer/wp-content/uploads/2015/05/fabfurnish.jpg,1
49.201.86.233,83,https://paytm.com:443/shop/summary/1117862964,1
49.204.32.186,83,https://paytm.com:443/offer/wp-content/plugins/wp-awesome-faq/accordion.js?ver=1,1
49.204.32.186,83,https://paytm.com:443/offer/wp-content/uploads/2015/07/qas.jpg,1
49.206.45.85,83,https://paytm.com:443/shop/h/electronics?utm_term=1,1
59.92.212.231,85,https://paytm.com:443/,1
59.96.211.184,87,https://paytm.com:443/papi/v1/promosearch/product/17565134/offers?parent_id=17565196&price=1975&channel=web&version=2,1
61.2.14.33,87,https://paytm.com:443/papi/v1/promosearch/product/17601431/offers?parent_id=16405047&price=999&channel=web&version=2,1
8.37.227.52,97,https://paytm.com:443/offer/wp-content/plugins/wonderplugin-carousel/engine/wonderplugincarouselskins.js?ver=3.8,1
91.103.41.1,100,https://paytm.com:443/shop/wallet/txnhistory?page_size=10&page_number=0&channel=web&version=2,1
91.103.41.1,101,https://paytm.com:443/shop/orderdetail/1116532246?channel=web&version=2,1
91.103.41.1,101,https://paytm.com:443/shop/authresponse?code=2c037c3b-de59-4a76-ae3a-21f776ab2cae&state=null,1
101.57.73.210,2,https://paytm.com:443/offer/wp-includes/js/jquery/ui/resizable.min.js?ver=1.11.4,1
103.22.239.216,4,https://paytm.com:443/offer/wp-includes/js/jquery/ui/accordion.min.js?ver=1.11.4,2
103.251.211.143,5,https://paytm.com:443/offer/wp-content/plugins/wp-responsive-slider-with-lightbox/js/l-box-js.js?ver=4.2.2,1
103.49.225.210,6,https://paytm.com:443/papi/v1/promosearch/product/16466823/offers?parent_id=16012811&price=30790&channel=web&version=2,1
103.6.156.166,6,https://paytm.com:443/shop/wallet/txnhistory?page_size=10&page_number=0&channel=web&version=2,1
106.51.134.100,7,https://paytm.com:443/papi/nps/merchantrating?merchant_id=22003&channel=web&version=2,3
107.167.109.115,11,https://paytm.com:443/offer/wp-content/plugins/image-slider-responsive/css/flexslider.css?ver=4.2.2,1
110.172.170.2,14,https://paytm.com:443/papi/v1/promosearch/product/10630891/offers?parent_id=0&price=550&channel=web&version=2,1
115.245.142.85,21,https://paytm.com:443/offer/wp-includes/js/jquery/jquery.masonry.min.js?ver=3.1.2,1
115.245.142.85,21,https://paytm.com:443/offer/wp-content/uploads/2015/07/offer-page_20jul.jpg,1
116.193.131.77,21,https://paytm.com:443/shop/cart?channel=web&version=2,2
117.205.165.235,21,https://paytm.com:443/papi/v1/expresscart/verify,2
117.233.3.84,21,https://paytm.com:443/papi/v1/expresscart/verify,1
124.123.142.0,30,https://paytm.com:443/papi/v1/expresscart/verify,1
14.139.184.50,32,https://paytm.com:443/shop/cart?channel=web&version=2,1
14.139.249.203,34,https://paytm.com:443/,1
14.140.104.238,40,https://paytm.com:443/shop/cart?channel=web&version=2,2
167.219.52.10,42,https://paytm.com:443/offer/wp-content/plugins/owl-carousel/js/owl.carousel.js?ver=4.2.2,1
175.101.10.122,49,https://paytm.com:443/shop/cart,4
175.101.67.112,50,https://paytm.com:443/favicon.ico,1
180.215.123.221,52,https://paytm.com:443/favicon.ico,1
180.215.148.112,52,https://paytm.com:443/shop/orderdetail/1115386743?channel=web&version=2,1
182.48.199.1,52,https://paytm.com:443/shop/authresponse?code=7392c041-35d0-4ea9-bef2-d9da10256f21&state=null,1
182.66.37.253,53,https://paytm.com:443/shop/authresponse?code=00d55446-b118-4235-b4c4-4f2e080ff262&state=,1
182.72.150.38,54,https://paytm.com:443/offer/wp-content/plugins/owl-carousel/css/owl.carousel.css?ver=4.2.2,1
182.74.145.106,55,https://paytm.com:443/offer/wp-content/plugins/really-simple-facebook-twitter-share-buttons/style.css?ver=4.2.2,1
183.82.107.74,56,https://paytm.com:443/papi/rr/products/1839597/statistics?channel=web&version=2,1
183.82.214.4,56,https://paytm.com:443/shop/wallet/balance?channel=web&version=2,1
183.82.3.71,56,https://paytm.com:443/api/v1/expresscart/checkout?wallet=1,1
202.62.77.82,57,https://paytm.com:443/,1
203.99.196.127,58,https://paytm.com:443/scripts/web/config/resourceConfig.js,1
203.99.196.127,60,http://www.paytm.com:80/,1
210.212.172.209,64,https://paytm.com:443/offer/wp-content/uploads/2015/07/meruwer_1.jpg,1
220.227.74.49,65,https://paytm.com:443/shop/p/mi-10400-mah-power-bank-silver-CMPLXMI_NDY02ADS_10400MAH_SILVER,1
223.196.54.93,65,https://paytm.com:443/papi/nps/merchantrating?merchant_id=46658&channel=web&version=2,1
43.248.152.218,67,https://paytm.com:443/offer/wp-includes/js/jquery/ui/draggable.min.js?ver=1.11.4,1
49.204.101.58,68,https://paytm.com:443/offer/wp-content/uploads/2015/07/travel4.gif,1
49.204.101.58,68,https://paytm.com:443/offer/wp-content/plugins/wonderplugin-carousel/engine/wonderplugincarousel.js?ver=3.8,1
49.204.101.58,68,https://paytm.com:443/offer/wp-content/uploads/2015/07/logo45.gif,1
78.46.40.227,76,https://paytm.com:443/papi/v1/promosearch/product/16396690/offers?parent_id=0&price=1169,1
78.46.40.227,77,https://paytm.com:443/papi/v1/promosearch/product/6630150/offers?parent_id=0&price=805,1
1.187.143.206,0,https://paytm.com:443/papi/v1/expresscart/verify,1
101.56.187.12,9,https://paytm.com:443/papi/rr/products/16610354/statistics?channel=web&version=2,1
103.243.236.11,13,https://paytm.com:443/offer/wp-content/plugins/wp-image-slider-with-lightbox/css/jquery.lbox.css?ver=4.2.2,1
106.78.84.190,16,https://paytm.com:443/offer/wp-content/plugins/wp-responsive-slider-with-lightbox/js/images-responsive-thumbnail-slider-plus-lightbox-jc.js?ver=4.2.2,1
117.207.217.9,28,https://paytm.com:443/papi/v1/promosearch/product/13069971/offers?parent_id=4196037&price=1820&channel=web&version=2,1
117.218.152.89,28,https://paytm.com:443/papi/rr/products/16610573/statistics?channel=web&version=2,1
117.233.53.125,28,https://paytm.com:443/offer/wp-content/plugins/image-slider-responsive/js/jquery.flexslider-min.js?ver=4.2.2,1
117.241.106.125,28,https://paytm.com:443/offer/wp-content/plugins/owl-carousel/css/owl.transitions.css?ver=4.2.2,1
117.252.67.201,28,https://paytm.com:443/papi/v1/promosearch/product/7500499/offers?parent_id=7482217&price=51598&channel=web&version=2,2
117.253.212.214,28,https://paytm.com:443/shop/g/men/the-men-s-store/top-carousal/perfume-upto-50-off-+-flat-40-cashback,1
122.164.217.115,28,https://paytm.com:443/shop/cart?channel=web&version=2,1
122.171.170.204,28,https://paytm.com:443/shop/log,1
122.248.183.1,31,https://paytm.com:443/shop/cart?channel=web&version=2,2
122.248.183.1,32,https://paytm.com:443/papi/rr/products/7588935/statistics?channel=web&version=2,1
122.248.183.1,32,https://paytm.com:443/%7B%7B::resourceUrl%7D%7D/images/con-icon.png,1
14.139.120.130,38,https://paytm.com:443/offer/wp-content/plugins/easy-logo-slider/js/jcarousel.responsive.js?ver=4.2.2,1
14.139.120.130,40,https://paytm.com:443/papi/v1/promosearch/product/12629424/offers?parent_id=12630723&price=559&channel=web&version=2,1
14.140.160.133,47,https://paytm.com:443/shop/login?isIframe=true&theme=mp-web,2
14.96.205.93,51,https://paytm.com:443/papi/rr/products/16936701/statistics?channel=web&version=2,1
14.98.196.9,53,https://paytm.com:443/shop/cart?channel=web&version=2,1
182.71.54.18,69,https://paytm.com:443/offer/wp-content/plugins/wp-responsive-slider-with-lightbox/js/images-responsive-thumbnail-slider-plus-lightbox-jc.js?ver=4.2.2,1
182.71.54.18,69,https://paytm.com:443/offer/wp-content/plugins/wp-responsive-slider-with-lightbox/js/l-box-js.js?ver=4.2.2,1
198.203.181.181,75,https://paytm.com:443/papi/v1/promosearch/product/5715333/offers?parent_id=0&price=1099&channel=web&version=2,1
202.63.101.253,83,https://paytm.com:443/blog/wp-content/plugins/jetpack/modules/related-posts/related-posts.js?ver=20150408,1
203.99.213.31,86,https://paytm.com:443/papi/nps/merchantrating?merchant_id=45503&channel=web&version=2,1
223.223.134.46,89,https://paytm.com:443/papi/nps/merchantrating?merchant_id=20960&channel=web&version=2,1
223.30.42.110,89,https://paytm.com:443/offer/wp-includes/js/jquery/ui/dialog.min.js?ver=1.11.4,1
223.30.42.110,89,https://paytm.com:443/offer/wp-content/plugins/image-slider-responsive/css/flexslider.css?ver=4.2.2,1
27.123.77.41,89,https://paytm.com:443/shop/action,1
27.97.15.77,89,https://paytm.com:443/shop/cart,1
43.252.35.41,91,https://paytm.com:443/shop/orderdetail/1117823821?channel=web&version=2,4
57.250.231.247,93,https://paytm.com:443/offer/wp-content/plugins/image-slider-responsive/js/jquery.flexslider-min.js?ver=4.2.2,1
57.250.231.247,96,https://paytm.com:443/api/v1/expresscart/checkout?wallet=1,1
1.22.234.90,0,https://paytm.com:443/?utm_medium=affiliate&utm_source=Netcore_mailer&utm_campaign=MegaSale-15072015&utm_term=aff13,1
1.39.80.19,7,https://paytm.com:443/papi/rr/products/10235533/statistics?channel=web&version=2,1
101.222.231.246,7,https://paytm.com:443/shop/v1/frequentorders,2
101.63.196.36,8,https://paytm.com:443/shop/wallet/balance?channel=web&version=2,1
103.53.234.195,9,https://paytm.com:443/,1
106.208.51.95,10,https://paytm.com:443/offer/wp-content/plugins/really-simple-facebook-twitter-share-buttons/images/facebook-share.png,1
106.51.240.72,10,https://paytm.com:443/papi/nps/merchantrating?merchant_id=29032&channel=web&version=2,1
106.79.55.241,10,https://paytm.com:443/shop/cart,1
117.197.54.113,23,https://paytm.com:443/shop/p/florence-aqua-net-brasso-semi-stiched-gown-APPFLORENCE-AQUFLOR1542A7C14EC,1
117.213.115.216,26,https://paytm.com:443/offer/wp-content/plugins/owl-carousel/css/owl.theme.css?ver=4.2.2,1
117.213.115.216,26,https://paytm.com:443/offer/wp-includes/js/jquery/ui/mouse.min.js?ver=1.11.4,1
117.213.115.216,26,https://paytm.com:443/offer/wp-content/plugins/image-slider-responsive/css/flexslider.css?ver=4.2.2,1
117.217.35.176,26,https://paytm.com:443/shop/cart?channel=web&version=2,1
117.239.148.34,28,https://paytm.com:443/online-prepaid-dishtv-dth-recharge.htm,1
120.59.218.45,30,https://paytm.com:443/offer/wp-content/plugins/wp-awesome-faq/accordion.js?ver=1,1
120.59.218.45,30,https://paytm.com:443/offer/wp-includes/js/jquery/ui/draggable.min.js?ver=1.11.4,1
122.177.140.88,35,https://paytm.com:443/shop/orderdetail/1116531946?channel=web&version=2,2
123.201.23.84,36,https://paytm.com:443/shop/v1/frequentorders?channel=web&version=2,1
14.139.125.71,39,https://paytm.com:443/offer/wp-content/plugins/wp-image-slider-with-lightbox/js/slider-plus-lightbox-js.js?ver=4.2.2,1
14.139.125.71,41,https://paytm.com:443/papi/v1/promosearch/product/6629585/offers?parent_id=6629763&price=250&channel=web&version=2,1
14.99.221.81,43,https://paytm.com:443/papi/nps/merchantrating?merchant_id=20476&channel=web&version=2,1
141.0.8.239,43,https://paytm.com:443/offer/wp-includes/js/jquery/ui/accordion.min.js?ver=1.11.4,1
164.100.105.203,47,https://paytm.com:443/shop/cart,1
167.220.236.53,48,https://paytm.com:443/offer/wp-content/plugins/contact-form-7/includes/js/scripts.js?ver=4.0.3,1
167.220.236.53,48,https://paytm.com:443/offer/wp-content/plugins/image-slider-responsive/js/jquery.flexslider-min.js?ver=4.2.2,1
167.220.236.53,48,https://paytm.com:443/offer/wp-content/plugins/wp-awesome-faq/accordion.js?ver=1,1
167.220.236.53,49,https://paytm.com:443/shop/h/books,1
182.64.38.51,56,https://paytm.com:443/papi/nps/merchantrating?merchant_id=68214&channel=web&version=2,1
182.69.24.143,59,https://paytm.com:443/shop/orderhistory?pagesize=10&channel=web&version=2,1
182.75.29.214,59,https://paytm.com:443/shop/wallet/balance?channel=web&version=2,1
203.171.244.101,74,https://paytm.com:443/offer,1
203.171.244.101,74,https://paytm.com:443/offer/wp-content/plugins/logo-slider/lgs_jquery.cycle2.js?ver=4.2.2,1
205.175.226.101,74,https://paytm.com:443/offer/wp-content/plugins/wc-gallery/includes/css/magnific-popup.css?ver=0.9.9,1
49.205.14.206,80,https://paytm.com:443/offer/wp-includes/js/jquery/ui/core.min.js?ver=1.11.4,1
49.205.14.206,80,https://paytm.com:443/offer/wp-includes/js/jquery/ui/position.min.js?ver=1.11.4,1
60.243.163.208,81,https://paytm.com:443/offer/wp-content/uploads/2015/07/bedlinen.jpg,1
103.234.137.213,10,https://paytm.com:443/shop/cart?channel=web&version=2,1
103.242.154.173,11,https://paytm.com:443/offer/wp-content/plugins/wp-image-slider-with-lightbox/css/slider-plus-lightbox-style.css?ver=4.2.2,1
103.242.154.173,11,https://paytm.com:443/shop/summary/1118046906,2
103.242.154.173,11,https://paytm.com:443/offer/wp-content/plugins/really-simple-facebook-twitter-share-buttons/style.css?ver=4.2.2,1
115.249.243.194,21,https://paytm.com:443/offer/wp-content/plugins/wp-social-sharing/static/socialshare.css?ver=1.3,1
119.81.86.219,29,https://paytm.com:443/,1
163.47.12.104,51,https://paytm.com:443/papi/nps/merchantrating?merchant_id=21503&channel=web&version=2,1
180.151.176.97,65,https://paytm.com:443/favicon.ico,1
203.99.208.3,77,https://paytm.com:443/offer/wp-content/themes/twentytwelve/js/navigation.js?ver=20140318,1
203.99.213.34,78,https://paytm.com:443/offer/wp-content/uploads/2015/07/pesoal.jpg,1
203.99.213.34,78,https://paytm.com:443/offer/wp-content/plugins/easy-logo-slider/css/style-admin.css?ver=4.2.2,1
203.99.213.34,78,https://paytm.com:443/offer/wp-content/uploads/2015/07/qas.jpg,1
95.172.74.71,97,https://paytm.com:443/shop/cart?channel=web&version=2,2
1.39.14.217,3,https://paytm.com:443/offer/wp-content/plugins/wp-image-slider-with-lightbox/css/jquery.lbox.css?ver=4.2.2,1
103.37.20.10,15,https://paytm.com:443/shop/cart?channel=web&version=2,3
106.194.86.97,18,https://paytm.com:443/papi/rr/products/13447828/statistics?channel=web&version=2,1
107.167.108.29,24,https://paytm.com:443/offer/wp-content/plugins/wp-awesome-faq/jquery-ui.css?ver=4.2.2,1
117.222.112.108,39,https://paytm.com:443/papi/v1/promosearch/product/11946229/offers?parent_id=11946278&price=1399&channel=web&version=2,1
122.248.183.21,44,https://paytm.com:443/offer/wp-content/plugins/contact-form-7/includes/js/scripts.js?ver=4.0.3,1
123.136.249.195,44,https://paytm.com:443/shop/p/action-white-and-grey-casual-shoes-CMPLXFOOACTION-WHITEMICR55641C8ABD2EC,1
14.139.234.50,46,https://paytm.com:443/shop/p/micromax-andro-a60-black-MICROMAX_A60_150MB_BLACK_26334,1
14.96.13.77,49,https://paytm.com:443/papi/v1/expresscart/verify,1
171.60.65.213,54,https://paytm.com:443/shop/login?isIframe=true&theme=mp-web,1
180.215.144.98,56,https://paytm.com:443/papi/rr/products/16922426/statistics?channel=web&version=2,1
182.66.54.133,60,https://paytm.com:443/offer/wp-content/plugins/easy-logo-slider/js/jcarousel.responsive.js?ver=4.2.2,1
183.83.12.240,63,https://paytm.com:443/shop/cart?channel=web&version=2,2
223.176.38.92,71,https://paytm.com:443/shop/orderdetail/1116545803?channel=web&version=2,1
27.34.252.46,72,https://paytm.com:443/shop/p/romsons-hot-cold-pack-medium-HEAROMSONS-HOT-DUMM3169410BACB17_40346,1
27.97.208.233,72,https://paytm.com:443/shop/login?isIframe=true&theme=mp-web,1
1.39.60.202,3,https://paytm.com:443/shop/cart?channel=web&version=2,1
106.202.150.69,13,https://paytm.com:443/shop/cart?channel=web&version=2,1
106.51.72.150,13,https://paytm.com:443/papi/rr/products/15798042/statistics?channel=web&version=2,1
113.193.187.141,16,https://paytm.com:443/shop/cart?channel=web&version=2,2
117.240.212.194,22,https://paytm.com:443/favicon.ico,2
120.60.39.27,24,https://paytm.com:443/shop/wallet/txnhistory?page_size=10&page_number=0&channel=web&version=2,1
14.194.220.117,32,https://paytm.com:443/favicon.ico,1
210.89.35.189,51,https://paytm.com:443/favicon.ico,1
223.176.187.221,52,https://paytm.com:443/offer/wp-includes/js/jquery/ui/widget.min.js?ver=1.11.4,1
49.207.164.250,65,https://paytm.com:443/offer/wp-includes/js/masonry.min.js?ver=3.1.2,2
59.178.216.205,74,https://paytm.com:443/shop/login?isIframe=true&theme=mp-web,1
101.222.252.164,6,https://paytm.com:443/shop/wallet/balance?channel=web&version=2,1
107.167.107.217,24,https://paytm.com:443/offer/wp-content/plugins/wp-image-slider-with-lightbox/js/slider-plus-lightbox-js.js?ver=4.2.2,1
116.199.168.102,44,https://paytm.com:443/offer/wp-includes/js/wp-emoji-release.min.js?ver=4.2.2,1
116.202.182.123,44,https://paytm.com:443/shop/login?isIframe=true&theme=mp-web,1
117.211.100.107,45,https://paytm.com:443/offer/wp-includes/js/jquery/ui/draggable.min.js?ver=1.11.4,1
12.144.110.131,47,https://paytm.com:443/shop/v1/frequentorders?channel=web&version=2,2
120.59.121.43,49,https://paytm.com:443/offer/wp-content/plugins/owl-carousel/css/owl.transitions.css?ver=4.2.2,1
120.59.121.43,49,https://paytm.com:443/offer/wp-content/plugins/easy-logo-slider/js/jcarousel.responsive.js?ver=4.2.2,1
122.180.181.144,57,https://paytm.com:443/offer/wp-content/uploads/2015/07/bb.png,1
122.180.181.144,57,https://paytm.com:443/offer/wp-content/plugins/easy-logo-slider/css/style-admin.css?ver=4.2.2,1
123.201.207.127,57,https://paytm.com:443/shop/p/levis-skinny-fit-jeans-CMPLXMAPERL0546780001DSGR32,1
124.123.45.165,58,https://paytm.com:443/shop/cart?channel=web&version=2,1
14.139.212.226,61,https://paytm.com:443/settings,1
14.139.212.226,61,https://paytm.com:443/shop/user/address?channel=web&version=2,2
14.139.234.86,62,https://paytm.com:443/shop/p/oleva-red-women-clutch-WBAGSS76_DARKREDSYMUFR,1
14.99.168.76,63,https://paytm.com:443/offer/wp-content/plugins/wp-responsive-slider-with-lightbox/css/l-box-css.css?ver=4.2.2,1
14.99.168.76,63,https://paytm.com:443/offer/wp-content/plugins/image-slider-responsive/js/jquery.flexslider-min.js?ver=4.2.2,1
157.55.39.225,70,https://paytm.com:443/shop/g/home-kitchen/the-home-store/kitchen-tools-extra-50-off?_escaped_fragment_=,1
182.66.59.103,80,https://paytm.com:443/shop/logout,1
213.42.27.153,95,https://paytm.com:443/shop/cart?channel=web&version=2,1
221.134.153.17,95,https://paytm.com:443/offer/wp-content/uploads/2015/07/470X220_books.jpg,1
43.247.156.6,97,https://paytm.com:443/offer/wp-content/plugins/wp-responsive-slider-with-lightbox/js/images-responsive-thumbnail-slider-plus-lightbox-jc.js?ver=4.2.2,1
49.207.65.187,100,https://paytm.com:443/shop?utm_source=affiliates&utm_medium=icubeswire&utm_campaign=icubeswire&utm_term=10480,1
106.77.100.65,8,https://paytm.com:443/shop/login?isIframe=true&theme=mp-html5,1
107.167.107.253,15,https://paytm.com:443/offer/wp-content/plugins/owl-carousel/css/owl.theme.css?ver=4.2.2,1
113.193.117.160,23,https://paytm.com:443/shop/ad/paytmAd?cat=bus1&paytm=new,1
117.212.55.168,30,https://paytm.com:443/,16
14.139.209.50,38,https://paytm.com:443/offer/wp-content/plugins/wp-social-sharing/static/socialshare.js?ver=1.3,1
14.97.10.224,41,https://paytm.com:443/papi/v1/promosearch/product/12614555/offers?parent_id=0&price=1599&channel=web&version=2,1
141.0.9.215,41,https://paytm.com:443/offer/wp-content/plugins/easy-logo-slider/css/jcarouselresponsive.css?ver=4.2.2,2
183.82.204.117,60,https://paytm.com:443/offer/wp-content/plugins/wc-gallery/includes/js/owlcarousel/assets/owl.carousel.min.css?ver=2.0.0,1
183.82.204.117,60,https://paytm.com:443/offer/wp-includes/js/comment-reply.min.js?ver=4.2.2,1
49.204.59.199,76,https://paytm.com:443/shop/p/shivam-enterprise-blue-georgette-unstitched-dress-material-APPSHIVAM-ENTERHARE442285BC79FF2,1
49.207.157.251,76,https://paytm.com:443/papi/v1/promosearch/product/13537766/offers?parent_id=13537959,1
1.39.35.38,8,https://paytm.com:443/offer/wp-includes/js/jquery/ui/resizable.min.js?ver=1.11.4,1
103.249.180.171,13,https://paytm.com:443/shop/cart,1
103.252.24.20,13,https://paytm.com:443/,1
103.37.201.97,14,https://paytm.com:443/shop/p/levi-s-skinny-fit-jeans-size-32-APPLEVI-S-SKINNBHAA589031594937F,1
103.44.50.152,14,https://paytm.com:443/shop?utm_source=Affiliates&utm_medium=OMG&utm_campaign=OMG&utm_term=745750_,1
106.51.243.62,15,https://paytm.com:443/offer/wp-content/plugins/owl-carousel/css/owl.transitions.css?ver=4.2.2,1
112.133.233.104,21,https://paytm.com:443/shop/v1/frequentorders?channel=web&version=2,1
117.193.188.33,31,https://paytm.com:443/favicon.ico,1
14.98.47.138,46,https://paytm.com:443/shop/p/style-amaze-blue-georgette-dress-material-APPSTYLE-AMAZE-STYL36058EDC8B35E,1
155.136.184.8,52,https://paytm.com:443/offer/wp-content/uploads/2015/06/list1.png,1
168.235.197.204,59,https://paytm.com:443/offer/wp-content/plugins/wp-responsive-slider-with-lightbox/css/images-responsive-thumbnail-slider-plus-lighbox-style.css?ver=4.2.2,1
203.122.21.187,66,https://paytm.com:443/shop/h/electronics?utm_source=Affiliates&utm_medium=VCOMM&utm_campaign=VCOMM-generic&utm_term=1064,1
203.197.149.23,69,https://paytm.com:443/offer/wp-content/plugins/owl-carousel/js/owl.carousel.js?ver=4.2.2,1
27.0.51.32,75,https://paytm.com:443/offer/wp-content/plugins/wp-image-slider-with-lightbox/js/jquery.lbox.min.js?ver=4.2.2,1
49.202.73.187,85,https://paytm.com:443/blog/the-all-new-paytm-cash-wallet-for-you/,1
59.177.244.26,87,https://paytm.com:443/api/v1/expresscart/checkout?wallet=1,1
59.94.38.144,87,https://paytm.com:443/papi/v1/promosearch/product/16608635/offers?parent_id=16608630&price=949&channel=web&version=2,1
70.39.187.218,90,http://www.paytm.com:80/,1
103.24.110.177,9,https://paytm.com:443/shop/action,1
103.251.16.182,13,https://paytm.com:443/shop/p/bahubali-green-faux-chiffon-saree-APPBAHUBALI-GREI-G-3584587633EFA,1
106.51.134.36,14,https://paytm.com:443/shop/orderdetail/1118046225?channel=web&version=2,1
110.172.153.162,21,https://paytm.com:443/shop/wallet/balance?channel=web&version=2,1
115.112.88.130,34,https://paytm.com:443/papi/v1/promosearch/product/10944711/offers?parent_id=10944785&price=899&channel=web&version=2,1
122.177.62.80,52,https://paytm.com:443/shop/cart,1
124.253.97.232,56,https://paytm.com:443/offer/wp-content/plugins/wp-social-sharing/static/socialshare.css?ver=1.3,1
124.253.97.232,56,https://paytm.com:443/offer/wp-includes/js/jquery/jquery.masonry.min.js?ver=3.1.2,1
54.169.0.163,68,https://paytm.com:443/shop/p/microsoft-lumia-532-green-MOBMICROSOFT-LUDUMM141AF1A43_38235,1
54.169.0.163,68,https://paytm.com:443/shop/p/samsung-galaxy-alpha-white-SAMSUNG_ALPHA_32GB_WHITE_35526,1
54.169.0.163,68,https://paytm.com:443/shop/p/xolo-omega-5-0-black-MOBXOLO-OMEGA-5DUMM141A3AB9048_53820,1
54.169.0.163,69,https://paytm.com:443/shop/p/apple-iphone-6-plus-16-gb-gold-MOBAPPLE-IPHONEANTI676615946174F,1
54.169.0.163,69,https://paytm.com:443/shop/p/kingston-datatraveler-se9-16gb-pen-drive-STOKINGSTON-DATMIRA27538A2A628E4,1
54.169.0.163,70,https://paytm.com:443/shop/p/huawei-honor-3c-CMPLXHUAWEI_H30-U10_NULL_WHITE,1
54.169.0.163,71,https://paytm.com:443/shop/p/karbonn-a108-black-grey-KARBONN_A108_512MB_BALCK&GREY_40382,1
54.169.0.163,71,https://paytm.com:443/shop/p/htc-desire-626-g-plus-white-MOBHTC-DESIRE-6TECH22138E3FCACC7,2
54.169.0.163,71,https://paytm.com:443/shop/p/karbonn-titanium-octane-plus-white-KARBONN_TITANIUMOCTANEPLUS_16GB_WHITE_33804,2
54.169.0.163,71,https://paytm.com:443/shop/p/samsung-microsdhc-8-gb-class-6-SAMSUNG_MICROSDHCCLASS10_8GB_NULL_43854,1
54.169.0.163,71,https://paytm.com:443/shop/p/htc-desire-616-dual-sim-grey-CMPLXHTC_DESIRE616_4GB_GREY,1
54.169.0.163,71,https://paytm.com:443/shop/p/sony-mdr-xb400-bqe-headphones-black-SONY_MDRXB400BQE_NULL_BLACK_40206,1
54.169.0.163,71,https://paytm.com:443/shop/p/d-link-dsl-2750u-wireless-with-modem-router-black-COMD-LINK-DSL-2ETEC22426A7E1278E,1
54.169.0.163,71,https://paytm.com:443/shop/p/samsung-m3-hx-m201tcb-g-2-tb-portable-external-hard-drive-black-Samsung_M3_2TB_Black_22225,1
54.169.0.163,71,https://paytm.com:443/shop/p/hp-15-r203tx-notebook-k8u03pa-core-i5-5th-gen-4-gb-ram-1-tb-hdd-15-6-inch-dos-2-gb-graph-black-LAPHP-15-R203TXDUMM202569B7C78B7_33826,1
54.169.0.163,71,https://paytm.com:443/shop/p/samsung-galaxy-note-edge-frost-white-MOBSAMSUNG-GALADUMM14163949212_35611,2
54.169.0.163,71,https://paytm.com:443/shop/p/intex-it-pb11-10000-mah-power-bank-white-blue-INTEX_IT-PB11_10000MAH_WHITE&BLUE_23393,1
54.169.0.163,71,https://paytm.com:443/shop/p/micromax-q372-unite-3-white-MOBMICROMAX-Q37SK-R3087639BF93B5,1
54.169.0.163,71,https://paytm.com:443/shop/p/lg-l70-black-LG_L70DUAL_4GB_BLACK_23206,1
54.169.0.163,71,https://paytm.com:443/shop/p/sandisk-cruzer-blade-8gb-pen-drive-STOSANDISK-CRUZAROR585325267AC67,1
54.169.0.163,71,https://paytm.com:443/shop/p/gionee-ctrl-v4s-white-MOBGIONEE-CTRL-VIEW563695C8920E7,1
54.169.0.163,71,https://paytm.com:443/shop/p/hp-15-r062tu-notebook-4th-gen-ci3-4gb-500gb-ubuntu-j8b76pa-black-HP_15-R062TU_4GBDDR3_BLACK_41346,1
54.169.0.163,71,https://paytm.com:443/shop/p/transcend-storejet-25m3-1-tb-external-hard-disk-STOTRANSCEND-STCRAZ26463331D19C9,1
54.169.0.163,71,https://paytm.com:443/shop/p/samsung-galaxy-s-duos-3-sm-g313hu-white-SAMSUNG_SM-G313HUSDUOS3_4GB_WHITE_33804,1
54.169.0.163,71,https://paytm.com:443/shop/p/apple-16-gb-ipad-air-with-wi-fi-space-grey-APPLE_IPADAIRWITHWI-FI_16GB_SPACEGREY_36100,1
54.169.0.163,72,https://paytm.com:443/shop/p/htc-desire-526g-plus-white-blue-MOBHTC-DESIRE-5GNSL2678757602273,1
54.169.0.163,72,https://paytm.com:443/shop/p/micromax-q372-unite-3-blue-MOBMICROMAX-Q37BEST50424E1DDFDE,1
54.169.0.163,72,https://paytm.com:443/shop/p/sony-sbh20-in-the-ear-headset-black-MOBSONY-SBH20-IELEC22552535D0E08,1
54.169.0.163,72,https://paytm.com:443/shop/p/samsung-galaxy-note-3-neo-white-SAMSUNG_GALAXYNOTE3NEO_16GB_WHITE_36530,1
54.169.0.163,72,https://paytm.com:443/shop/p/nokia-x-4-gb-white-Nokia_X_4GB_White_133_36272,1
54.169.0.163,72,https://paytm.com:443/shop/p/sony-xperia-z3-copper-SONY_Z3_16GB_COPPER_29842,1
61.246.61.4,74,https://paytm.com:443/papi/v1/expresscart/verify,1
8.37.227.120,82,https://paytm.com:443/offer/wp-content/plugins/easy-logo-slider/css/style-admin.css?ver=4.2.2,1
1.39.14.241,1,https://paytm.com:443/,1
101.222.225.61,4,https://paytm.com:443/favicon.ico,1
106.76.251.232,7,https://paytm.com:443/shop/v1/frequentorders,1
115.249.64.138,18,https://paytm.com:443/offer/wp-content/plugins/wc-gallery/includes/js/owlcarousel/assets/owl.carousel.min.css?ver=2.0.0,1
115.98.129.100,18,https://paytm.com:443/shop/orderdetail/1095956336?actions=1&channel=web&version=2,1
116.202.106.211,19,https://paytm.com:443/offer/wp-content/uploads/2015/07/470x220_19july.jpg,1
116.75.5.220,21,https://paytm.com:443/papi/nps/merchantrating?merchant_id=154&channel=web&version=2,1
117.245.12.144,23,https://paytm.com:443/shop/h/electronics?utm_source=Affiliates&utm_medium=VCOMM&utm_campaign=VCOMM-generic&utm_term=24890,1
122.176.169.147,26,https://paytm.com:443/offer/wp-content/plugins/easy-logo-slider/css/style-admin.css?ver=4.2.2,1
168.235.194.182,39,https://paytm.com:443/?gclid=CODnxbmw7sYCFc5lfgodjbkIGA,1
202.134.154.190,59,https://paytm.com:443/shop?utm_source=Affiliates&utm_medium=VCOMM&utm_campaign=VCOMM&utm_term=24890,1
204.94.39.143,64,https://paytm.com:443/papi/v1/promosearch/product/12780697/offers?parent_id=12780982&price=3280&channel=web&version=2,1
219.91.238.139,66,https://paytm.com:443/shop/cart,6
70.39.187.149,79,https://paytm.com:443/offer/wp-content/plugins/wc-gallery/includes/js/flexslider/flexslider.css?ver=2.2.0,1
70.39.187.149,80,https://paytm.com:443/offer/wp-content/plugins/easy-logo-slider/css/jcarouselresponsive.css?ver=4.2.2,1
8.37.227.27,81,https://paytm.com:443/offer/wp-content/plugins/wp-awesome-faq/images/ui-bg_flat_0_aaaaaa_40x100.png,1
1.39.13.167,1,https://paytm.com:443/offer/wp-includes/js/jquery/ui/button.min.js?ver=1.11.4,1
101.62.146.133,9,https://paytm.com:443/papi/nps/merchantrating?merchant_id=20158&channel=web&version=2,1
103.16.45.114,10,https://paytm.com:443/papi/nps/merchantrating?merchant_id=32569&channel=web&version=2,1
103.43.6.194,19,https://paytm.com:443/shop/cart?channel=web&version=2,3
106.219.44.127,19,https://paytm.com:443/shop/h/electronics?utm_term=1,1
112.133.232.60,34,https://paytm.com:443/shop/cart?channel=web&version=2,1
113.193.17.194,34,https://paytm.com:443/shop/p/vaamsi-grey-cotton-dress-material-APPVAAMSI-GREY-VAAM2105967247A5,1
115.249.82.29,38,https://paytm.com:443/offer/wp-includes/js/jquery/ui/core.min.js?ver=1.11.4,1
117.205.240.210,38,https://paytm.com:443/shop/login?isIframe=true&theme=mp-web,1
117.211.86.108,40,https://paytm.com:443/shop/wallet/balance?channel=web&version=2,1
123.201.68.95,47,https://paytm.com:443/shop/authresponse?code=7c95ce42-2914-4459-961b-2ff716c360f3,1
124.124.32.18,48,https://paytm.com:443/offer/wp-content/uploads/2015/07/ggg.jpg,1
14.141.6.4,49,https://paytm.com:443/shop,1
14.96.57.131,49,https://paytm.com:443/offer/wp-content/uploads/2015/07/pesoal.jpg,1
14.96.57.131,49,https://paytm.com:443/offer/wp-content/plugins/image-slider-responsive/js/jquery.flexslider-min.js?ver=4.2.2,1
14.96.57.131,49,https://paytm.com:443/offer/wp-content/plugins/image-slider-responsive/css/flexslider.css?ver=4.2.2,1
14.98.46.23,49,https://paytm.com:443/shop/cart?channel=web&version=2,1
170.248.169.90,56,https://paytm.com:443/offer/wp-content/plugins/wp-thumbnail-slider/css/wpt-slide.css?ver=4.2.2,2
170.248.169.90,56,https://paytm.com:443/offer/wp-content/plugins/wp-image-slider-with-lightbox/css/jquery.lbox.css?ver=4.2.2,2
180.179.213.94,59,http://paytm.com:80/shop/p/nokia-lumia-730-dual-sim-white-MOBNOKIA-LUMIA-THE-3523572C06F52,1
180.179.213.94,61,https://paytm.com:443/shop/p/micromax-canvas-fire-4-a107-grey-MOBMICROMAX-CANSHOP24561341BE092,1
180.179.213.94,62,http://paytm.com:80/shop/p/htc-desire-620g-white-HTC_DESIRE620G_8GB_WHITE_25520,1
202.62.89.46,79,https://paytm.com:443/shop/cart?channel=web&version=2,1
27.124.11.17,81,https://paytm.com:443/offer/wp-content/plugins/owl-carousel/css/owl.transitions.css?ver=4.2.2,1
72.163.217.103,100,https://paytm.com:443/offer/wp-content/plugins/easy-logo-slider/css/style-admin.css?ver=4.2.2,1
1.22.42.95,0,https://paytm.com:443/offer/wp-includes/js/comment-reply.min.js?ver=4.2.2,1
103.226.185.63,16,https://paytm.com:443/offer/wp-content/plugins/really-simple-facebook-twitter-share-buttons/style.css?ver=4.2.2,1
103.227.97.4,16,http://www.paytm.com:80/,1
103.5.112.80,18,https://paytm.com:443/papi/nps/merchantrating?merchant_id=21341&channel=web&version=2,1
117.197.252.115,32,https://paytm.com:443/api/v1/expresscart/checkout?wallet=1,1
119.235.53.162,38,https://paytm.com:443/shop/cart?channel=web&version=2,4
120.89.76.65,38,https://paytm.com:443/?utm_medium=affiliate&utm_source=Netcore_mailer&utm_campaign=ElectronicSale-20072015&utm_term=aff4,1
121.243.112.118,42,https://paytm.com:443/shop/cart?channel=web&version=2,7
121.243.112.118,43,https://paytm.com:443/shop/v1/frequentorders?channel=web&version=2,1
122.161.108.182,45,https://paytm.com:443/offer/wp-content/uploads/2015/01/style.css,1
122.173.211.194,46,https://paytm.com:443/papi/rr/products/6492739/statistics?channel=web&version=2,1
122.248.163.3,48,https://paytm.com:443/,1
122.248.163.3,50,https://paytm.com:443/papi/nps/merchantrating?merchant_id=40391&channel=web&version=2,1
14.139.198.183,58,https://paytm.com:443/api/v1/expresscart/checkout?wallet=1,1
14.140.105.158,63,https://paytm.com:443/offer/wp-content/plugins/wc-gallery/includes/js/owlcarousel/assets/owl.carousel.min.css?ver=2.0.0,1
14.140.203.154,64,https://paytm.com:443/offer/wp-content/plugins/wc-gallery/includes/js/owlcarousel/assets/owl.carousel.min.css?ver=2.0.0,1
14.98.222.223,65,https://paytm.com:443/shop/login?isIframe=true&theme=mp-web,1
182.66.47.6,73,https://paytm.com:443/shop,1
182.69.66.207,73,https://paytm.com:443/offer/wp-content/plugins/image-slider-responsive/js/jquery.flexslider-min.js?ver=4.2.2,1
203.197.123.132,77,https://paytm.com:443/shop/orderhistory?pagesize=10&channel=web&version=2,3
203.91.193.5,80,https://paytm.com:443/offer/wp-content/uploads/2015/07/offer-page_21july.jpg,2
43.227.129.37,84,https://paytm.com:443/papi/v1/promosearch/product/6527621/offers?parent_id=0&price=299&channel=web&version=2,1
49.205.81.252,85,https://paytm.com:443/offer/wp-content/plugins/wp-social-sharing/static/socialshare.css?ver=1.3,1
59.93.95.21,86,https://paytm.com:443/shop/cart?channel=web&version=2,2
59.93.95.21,86,https://paytm.com:443/offer/wp-content/plugins/wc-gallery/includes/js/owlcarousel/assets/owl.theme.default.css?ver=2.0.0,1
106.215.159.252,15,https://paytm.com:443/shop,3
112.110.82.206,16,https://paytm.com:443/shop/summary/1117826584,1
112.133.194.99,16,https://paytm.com:443/shop/v1/frequentorders?channel=web&version=2,1
116.202.32.109,23,https://paytm.com:443/shop/v1/frequentorders?channel=web&version=2,1
116.202.34.130,23,https://paytm.com:443/shop/cart,2
117.194.117.82,26,https://paytm.com:443/shop/cart?channel=web&version=2,2
117.197.168.133,27,https://paytm.com:443/shop/cart/checkout?channel=web&version=2,2
117.212.79.158,27,https://paytm.com:443/shop,1
117.212.79.158,27,https://paytm.com:443/shop/authresponse?code=c31d35b8-aba5-443b-b80a-8fc4ba7ccbca,1
122.169.214.254,35,https://paytm.com:443/?utm_medium=affiliate&utm_source=Netcore_mailer&utm_campaign=ElectronicSale-20072015&utm_term=aff3-E,3
14.140.178.140,43,https://paytm.com:443/api/v1/expresscart/checkout?wallet=1,1
14.141.18.198,43,https://paytm.com:443/,1
14.97.217.67,43,https://paytm.com:443/offer,1
14.99.113.190,43,https://paytm.com:443/offer/wp-includes/js/masonry.min.js?ver=3.1.2,1
223.30.244.46,64,https://paytm.com:443/papi/v1/promosearch/product/2302767/offers?parent_id=2302777&price=749&channel=web&version=2,1
42.107.175.149,71,https://paytm.com:443/offer/wp-content/uploads/2014/12/jquery.sliderPro.min_.js,1
43.249.226.68,75,https://paytm.com:443/shop/wallet/balance?channel=web&version=2,1
49.14.205.128,76,https://paytm.com:443/shop,1
66.249.71.102,83,https://paytm.com:443/shop/p/kristof-black-polo-neck-t-shirt-size-l-CMPLXMTSHRT00000TS003KZBKLL,1
1.22.204.160,2,https://paytm.com:443/offer/wp-content/plugins/wp-image-slider-with-lightbox/js/slider-plus-lightbox-js.js?ver=4.2.2,1
1.39.97.122,9,https://paytm.com:443/offer/wp-content/uploads/2014/12/jquery.sliderPro.min_.js,1
101.0.57.75,11,http://www.paytm.com:80/,1
103.225.29.12,14,https://paytm.com:443/favicon.ico,1
103.231.46.2,15,https://paytm.com:443/offer/wp-content/uploads/2015/07/pesoal.jpg,1
106.194.14.72,17,https://paytm.com:443/papi/v1/promosearch/product/5824868/offers?parent_id=5825033&price=2599&channel=web&version=2,1
106.220.245.135,18,https://paytm.com:443/papi/v1/promosearch/product/10228725/offers?parent_id=9119032,1
117.194.62.96,31,https://paytm.com:443/api/v1/expresscart/checkout?wallet=1,1
122.163.146.47,34,https://paytm.com:443/,1
125.18.132.99,42,https://paytm.com:443/papi/v1/promosearch/product/12619830/offers?parent_id=12620294&price=499&channel=web&version=2,1
148.251.179.85,49,https://paytm.com:443/papi/rr/products/2491610/statistics,1
176.9.154.132,59,https://paytm.com:443/papi/v1/promosearch/product/10339105/offers?parent_id=0&price=349,1
180.215.102.161,61,https://paytm.com:443/offer/wp-content/plugins/wc-gallery/includes/js/flexslider/flexslider.css?ver=2.2.0,1
182.66.5.73,61,https://paytm.com:443/api/v1/expresscart/checkout?wallet=1,1
184.154.184.83,62,https://paytm.com:443/opensearch.xml,1
184.154.184.83,62,https://paytm.com:443/offer/wp-content/themes/twentytwelve/js/navigation.js?ver=20140318,1
27.4.196.123,67,https://paytm.com:443/offer/wp-content/plugins/really-simple-facebook-twitter-share-buttons/style.css?ver=4.2.2,1
49.204.243.161,70,https://paytm.com:443/offer/wp-content/plugins/owl-carousel/css/owl.theme.css?ver=4.2.2,1
103.232.148.3,5,https://paytm.com:443/opensearch.xml,1
106.216.163.227,6,https://paytm.com:443/papi/nps/merchantrating?merchant_id=22636&channel=web&version=2,1
117.213.110.229,18,https://paytm.com:443/shop/v1/frequentorders?channel=web&version=2,1
120.57.14.75,21,https://paytm.com:443/shop/cart,1
120.59.170.132,21,https://paytm.com:443/shop/g/electronics/computers-accessories/computer-accessories-store/computer-acc/projectors,1
122.164.18.254,22,https://paytm.com:443/offer/wp-content/plugins/wp-awesome-faq/jquery-ui.css?ver=4.2.2,1
122.176.202.151,24,https://paytm.com:443/offer/wp-content/plugins/wc-gallery/includes/js/owlcarousel/assets/owl.carousel.min.css?ver=2.0.0,1
183.82.196.198,53,https://paytm.com:443/shop/orderdetail/1117921297?channel=web&version=2,1
183.82.243.103,53,https://paytm.com:443/shop/orderhistory?pagesize=10&channel=web&version=2,1
202.71.147.164,56,https://paytm.com:443/shop/orderhistory?pagesize=10&channel=web&version=2,3
203.194.105.225,58,https://paytm.com:443/shop/g/women/lists-store/eoss-dress-material-min-50?utm_source=affiliate&utm_medium=innovativelead&utm_campaign=innovativelead-generic&utm_term=26,1
27.107.227.149,60,https://paytm.com:443//bus-tickets/search/Ripponpete/Bangalore/2015-07-22/1,1
49.15.209.6,60,https://paytm.com:443/shop/wallet/txnhistory?page_size=10&page_number=0&channel=web&version=2,1
59.91.197.155,69,https://paytm.com:443/favicon.ico,1
1.38.16.95,0,https://paytm.com:443/offer/wp-content/uploads/2015/07/470X220_books.jpg,1
103.242.196.209,9,https://paytm.com:443/offer/wp-includes/js/jquery/ui/mouse.min.js?ver=1.11.4,1
103.244.122.26,9,https://paytm.com:443/266x346null.webp,1
107.167.108.70,10,https://paytm.com:443/,1
122.15.61.210,18,https://paytm.com:443/shop/cart?channel=web&version=2,9
122.178.205.21,20,https://paytm.com:443/shop/h/electronics/computers-accessories?gclid=CIOz6cWX78YCFcKWvQod5C0N2Q,1
125.63.73.178,31,https://paytm.com:443/shop/p/lee-cooper-black-formal-shoes-size-6-FOOLEE-COOPER-BKSK-28378537620DD,1
168.235.197.189,35,https://paytm.com:443/offer/wp-content/plugins/wp-awesome-faq/images/ui-bg_glass_75_dadada_1x400.png,3
168.235.197.189,35,https://paytm.com:443/offer/wp-content/themes/twentytwelve/js/navigation.js?ver=20140318,3
180.151.225.108,44,https://paytm.com:443/shop/p/acer-r7-571g-nx-ma5si-003-laptop-8-gb-ddr3-1-tb-hdd-core-i5-3rd-gen-windows-8-2-gb-graphics-LAPACER-R7-571GMOBI4659790E6665,2
196.207.97.143,54,https://paytm.com:443/offer/wp-content/plugins/easy-logo-slider/css/jcarouselresponsive.css?ver=4.2.2,1
198.177.184.17,54,https://paytm.com:443/shop/summary/1117864794,1
206.19.209.64,54,https://paytm.com:443/shop/p/tycoon-classic-oxford-lace-up-shoes-size-7-MOXFRD00ZES009BREBBR77,1
210.212.1.211,55,https://paytm.com:443/,3
27.124.53.242,58,https://paytm.com:443/shop/v1/frequentorders?channel=web&version=2,2
45.115.78.241,59,https://paytm.com:443/papi/v1/expresscart/verify,1
49.204.203.155,59,https://paytm.com:443/bus-tickets?utm_source=affiliates&utm_medium=grabon&utm_campaign=grabon,1
49.204.48.236,59,https://paytm.com:443/favicon.ico,1
58.2.238.191,61,https://paytm.com:443/offer/wp-includes/js/masonry.min.js?ver=3.1.2,1
106.212.17.99,12,https://paytm.com:443/shop/cart,1
107.167.107.50,18,https://paytm.com:443/shop/p/nokia-x2-white-MOBNOKIA-X2-WHIMOBI22042FF69B79B?utm_source=Affiliates&utm_medium=msp&utm_campaign=msp,1
113.193.90.146,25,https://paytm.com:443/shop/g/women/watches/women-watch-store/c1/fastrack-watches-flat-20-off?utm_source=Affiliates&utm_medium=OMG&utm_campaign=OMG&utm_term=420791_,1
117.197.158.99,26,https://paytm.com:443/offer/wp-content/plugins/wp-responsive-slider-with-lightbox/css/l-box-css.css?ver=4.2.2,1
117.198.174.99,26,https://paytm.com:443/offer/wp-content/plugins/easy-logo-slider/js/jcarousel.responsive.js?ver=4.2.2,1
117.201.57.17,27,https://paytm.com:443/shop/wallet/txnhistory?page_size=10&page_number=0&channel=web&version=2,1
117.218.23.156,27,https://paytm.com:443/papi/v1/promosearch/product/16487250/offers?parent_id=16487272&price=582&channel=web&version=2,1
117.221.195.220,27,https://paytm.com:443/offer/wp-content/uploads/2015/07/pesoal.jpg,1
117.247.4.17,28,https://paytm.com:443/offer/wp-content/plugins/wc-gallery/includes/js/owlcarousel/assets/owl.carousel.min.css?ver=2.0.0,1
119.235.49.238,30,https://paytm.com:443/papi/v1/promosearch/product/14611315/offers?parent_id=14611438&price=399&channel=web&version=2,1
120.60.52.187,30,https://paytm.com:443/shop/cart?channel=web&version=2,1
123.136.197.246,37,https://paytm.com:443/shop/p/spykar-blue-denim-slim-fit-jeans-size-30-APPSPYKAR-BLUE-BALA34277EDACC664,1
164.100.31.82,44,https://paytm.com:443/api/v1/expresscart/checkout?wallet=1,1
164.100.41.35,45,https://paytm.com:443/offer/wp-includes/js/jquery/ui/core.min.js?ver=1.11.4,1
182.73.105.230,52,https://paytm.com:443/shop/search/?q=external%20hard%20disk,1
182.74.42.50,52,https://paytm.com:443/shop/v1/frequentorders?channel=web&version=2,3
202.142.102.19,53,https://paytm.com:443/?utm_medium=affiliate&utm_source=Netcore_mailer&utm_campaign=ElectronicSale-20072015&utm_term=aff3-E,2
202.60.128.200,55,https://paytm.com:443/papi/v1/promosearch/product/5261618/offers?parent_id=0&price=4070&channel=web&version=2,1
203.99.205.107,61,https://paytm.com:443/papi/nps/merchantrating?merchant_id=21259&channel=web&version=2,1
27.97.178.228,66,https://paytm.com:443/shop/login?isIframe=true&theme=mp-web,1
61.3.8.55,70,https://paytm.com:443/shop/cart?channel=web&version=2,1
72.163.217.105,74,https://paytm.com:443/shop/ad/paytmAd?cat=bus1&paytm=new,2
1.39.62.19,11,https://paytm.com:443/offer/wp-content/plugins/wc-gallery/includes/js/owlcarousel/assets/owl.carousel.min.css?ver=2.0.0,1
106.77.236.242,22,https://paytm.com:443/offer/wp-content/plugins/wp-responsive-slider-with-lightbox/css/l-box-css.css?ver=4.2.2,1
112.79.35.10,25,https://paytm.com:443/shop/log,1
115.111.60.94,31,https://paytm.com:443/offer/wp-content/plugins/really-simple-facebook-twitter-share-buttons/style.css?ver=4.2.2,1
117.199.20.120,36,https://paytm.com:443/shop/login?isIframe=true&theme=mp-web,1
120.58.218.221,36,https://paytm.com:443/api/v1/expresscart/checkout?wallet=1,1
182.65.72.154,60,https://paytm.com:443/offer/wp-includes/js/jquery/ui/position.min.js?ver=1.11.4,1
202.162.29.16,69,https://paytm.com:443/shop/cart?channel=web&version=2,4
1.39.14.231,2,https://paytm.com:443/shop/cart,1
103.230.222.178,11,https://paytm.com:443/shop/cart?channel=web&version=2,1
103.24.86.6,13,https://paytm.com:443/blog/wp-content/plugins/jetpack/modules/sharedaddy/images/loading.gif,1
103.8.148.103,15,https://paytm.com:443/shop/cart,1
115.184.64.178,27,https://paytm.com:443/papi/rr/products/13329849/statistics?channel=web&version=2,1
117.207.25.193,30,https://paytm.com:443/offer/wp-content/plugins/wp-responsive-slider-with-lightbox/js/l-box-js.js?ver=4.2.2,1
117.213.220.160,30,https://paytm.com:443/shop/authresponse?code=a6e47bd1-8a84-4b77-a4e1-c3fb178c6a7a&state=null,1
121.245.159.144,32,https://paytm.com:443/offer/wp-content/plugins/contact-form-7/includes/js/jquery.form.min.js?ver=3.51.0-2014.06.20,1
121.245.159.144,32,https://paytm.com:443/offer/wp-includes/js/jquery/ui/resizable.min.js?ver=1.11.4,1
122.164.147.165,33,https://paytm.com:443/papi/rr/products/249626/statistics?channel=web&version=2,1
14.195.126.141,37,https://paytm.com:443/offer/wp-content/uploads/2015/07/main_sports_health_14jul.jpg,1
164.100.43.36,41,https://paytm.com:443/shop/cart?channel=web&version=2,1
206.169.185.35,55,https://paytm.com:443/shop/v1/frequentorders?channel=web&version=2,1
8.37.224.196,69,https://paytm.com:443/offer/wp-content/plugins/owl-carousel/css/styles.css?ver=4.2.2,1
101.62.233.76,9,https://paytm.com:443/,1
103.227.97.115,10,https://paytm.com:443/offer/wp-content/uploads/2015/07/autom.jpg,1
103.231.7.76,11,https://paytm.com:443/offer?utm_source=Affiliates&utm_medium=OMG&utm_campaign=OMG&utm_term=762154_,1
103.43.112.97,14,https://paytm.com:443/api/user/favourite?channel=web&version=2,1
106.76.228.121,18,https://paytm.com:443/,1
112.133.204.46,23,https://paytm.com:443/shop/wallet/txnhistory?page_size=10&page_number=0&channel=web&version=2,2
115.241.88.106,32,https://paytm.com:443/shop/summary/1116539422,1
117.226.194.196,37,https://paytm.com:443/,1
117.240.209.34,37,https://paytm.com:443/papi/rr/products/15572436/statistics?channel=web&version=2,1
122.176.150.36,44,https://paytm.com:443/offer/wp-includes/js/comment-reply.min.js?ver=4.2.2,1
122.177.96.195,45,https://paytm.com:443/offer/wp-content/uploads/2015/01/style.css,1
123.176.36.242,47,https://paytm.com:443/papi/nps/merchantrating?merchant_id=20344&channel=web&version=2,1
144.36.210.171,61,https://paytm.com:443/papi/nps/merchantrating?merchant_id=134&channel=web&version=2,1
150.129.28.194,62,https://paytm.com:443/blog/wp-content/plugins/jetpack/_inc/genericons/genericons/genericons.css?ver=3.1,1
180.211.71.153,66,https://paytm.com:443/offer/wp-content/plugins/really-simple-facebook-twitter-share-buttons/images/facebook-share.png,1
202.164.52.198,70,https://paytm.com:443/papi/v1/promosearch/product/9890014/offers?parent_id=9891245&price=638&channel=web&version=2,1
220.227.242.2,73,https://paytm.com:443/shop/login?isIframe=true&theme=mp-web,1
37.228.106.77,86,https://paytm.com:443/offer/wp-content/plugins/wc-gallery/includes/css/style.css?ver=1.26,1
43.225.161.194,87,https://paytm.com:443/,1
45.112.252.95,87,https://paytm.com:443/offer/wp-content/plugins/wonderplugin-carousel/engine/wonderplugincarouselskins.js?ver=3.8,1
45.112.252.95,87,https://paytm.com:443/offer/wp-content/plugins/wp-image-slider-with-lightbox/js/slider-plus-lightbox-js.js?ver=4.2.2,1
49.204.55.206,89,https://paytm.com:443/papi/nps/merchantrating?merchant_id=40072&channel=web&version=2,3
59.179.150.29,93,https://paytm.com:443/shop/orderhistory?pagesize=10&channel=web&version=2,1
66.102.6.179,98,https://paytm.com:443/?utm_source=affiliates&utm_medium=grabon&utm_campaign=grabon,1
103.14.232.178,11,https://paytm.com:443/offer/wp-includes/js/jquery/ui/position.min.js?ver=1.11.4,1
117.247.229.190,34,https://paytm.com:443/offer/wp-includes/js/jquery/ui/core.min.js?ver=1.11.4,1
117.247.229.190,34,https://paytm.com:443/offer/wp-content/plugins/wc-gallery/includes/js/owlcarousel/assets/owl.theme.default.css?ver=2.0.0,1
121.242.0.100,40,https://paytm.com:443/papi/nps/merchantrating?merchant_id=66514&channel=web&version=2,1
163.47.15.10,46,https://paytm.com:443/shop/cart?channel=web&version=2,1
180.148.54.133,57,https://paytm.com:443/papi/v1/promosearch/product/6634129/offers?parent_id=17471420&price=1399&channel=web&version=2,1
182.65.32.94,57,https://paytm.com:443/shop/logout?channel=web&version=2,1
182.68.136.65,58,https://paytm.com:443/offer/wp-includes/js/jquery/ui/core.min.js?ver=1.11.4,1
202.168.94.17,65,https://paytm.com:443/papi/v1/promosearch/product/8524025/offers?parent_id=8524553&price=3395&channel=web&version=2,1
202.189.232.6,66,https://paytm.com:443/papi/rr/products/9479634/statistics?channel=web&version=2,1
202.52.130.254,66,https://paytm.com:443/blog/secured-2-step-authentication-login-on-paytms-website/?relatedposts=1&relatedposts_exclude=undefined,1
202.52.130.254,69,https://paytm.com:443/%7B%7B::resourceUrl%7D%7D/images/con-icon.png,1
202.52.130.254,70,https://paytm.com:443/,2
203.200.225.51,71,https://paytm.com:443/shop,2
210.212.122.172,75,https://paytm.com:443/papi/v1/promosearch/product/3185363/offers?parent_id=5252113&price=1814&channel=web&version=2,1
210.212.237.18,76,https://paytm.com:443/papi/v1/expresscart/verify,1
27.5.132.200,78,https://paytm.com:443/offer/wp-content/plugins/wp-image-slider-with-lightbox/css/slider-plus-lightbox-style.css?ver=4.2.2,1
49.14.90.148,82,https://paytm.com:443/api/user/favourite?channel=web&version=2,1
49.15.3.184,82,https://paytm.com:443/papi/v1/promosearch/product/16022071/offers?parent_id=16022191,1
49.249.81.247,84,https://paytm.com:443/shop/logout?channel=web&version=2,1
101.59.241.212,5,https://paytm.com:443/papi/v1/promosearch/product/17557321/offers?parent_id=0&price=310&channel=web&version=2,1
101.63.184.123,5,https://paytm.com:443/shop/authresponse?code=312f5eb4-4144-4a78-b68d-de8d55e9296c&state=null,1
112.79.39.56,33,https://paytm.com:443/offer/wp-content/plugins/images-thumbnail-sliderv1/css/images-thumbnail-sliderv1-style.css?ver=4.2.2,1
114.143.102.90,33,https://paytm.com:443/shop/summary/1116587356,1
116.203.76.59,40,https://paytm.com:443/papi/rr/products/16222905/statistics?channel=web&version=2,1
116.203.76.59,40,https://paytm.com:443/papi/v1/promosearch/product/12916925/offers?parent_id=7075572&price=294&channel=web&version=2,1
117.199.244.79,40,https://paytm.com:443/offer/wp-content/plugins/wp-responsive-slider-with-lightbox/js/images-responsive-thumbnail-slider-plus-lightbox-jc.js?ver=4.2.2,1
117.200.90.4,40,https://paytm.com:443/api/v1/expresscart/checkout?wallet=1,1
117.207.127.122,42,https://paytm.com:443/shop/cart?channel=web&version=2,1
121.242.175.237,47,https://paytm.com:443/papi/v1/promosearch/product/10749159/offers?parent_id=9975879&price=2149&channel=web&version=2,1
122.161.179.173,47,https://paytm.com:443/offer/wp-content/uploads/2015/07/470X220_books.jpg,1
122.161.179.173,47,https://paytm.com:443/offer/wp-content/uploads/2015/07/offer-page_20jul.jpg,1
122.167.1.49,47,https://paytm.com:443/papi/nps/merchantrating?merchant_id=20279&channel=web&version=2,3
122.172.252.46,47,https://paytm.com:443/offer/wp-content/plugins/easy-logo-slider/js/jquery.jcarousel.min.js?ver=4.2.2,1
125.18.33.99,52,https://paytm.com:443/offer/wp-content/plugins/wp-awesome-faq/accordion.js?ver=1,1
202.168.88.179,85,https://paytm.com:443/offer/wp-content/uploads/2015/05/thank-you-pages_19may.jpg,1
203.196.177.182,89,https://paytm.com:443/contact,1
223.196.54.95,96,https://paytm.com:443/api/v1/expresscart/checkout?wallet=1,2
49.248.124.244,100,https://paytm.com:443/offer/wp-content/uploads/2014/12/examples.css,1
59.99.160.71,100,https://paytm.com:443/offer/wp-content/plugins/wonderplugin-carousel/engine/wonderplugincarouselskins.js?ver=3.8,1
8.37.227.137,112,http://www.paytm.com:80/,1
106.216.139.190,12,https://paytm.com:443/papi/rr/products/9541209/statistics?channel=web&version=2,1
106.219.17.253,13,https://paytm.com:443/blog/wp-content/uploads/2014/11/favicon.ico,1
117.254.209.252,21,https://paytm.com:443/papi/v1/promosearch/product/6580738/offers?parent_id=0&price=1452&channel=web&version=2,1
122.161.81.109,24,https://paytm.com:443/api/user/favourite?channel=web&version=2,1
122.166.169.209,25,https://paytm.com:443/papi/nps/merchantrating?merchant_id=44471&channel=web&version=2,1
122.169.49.28,25,https://paytm.com:443/offer/wp-content/plugins/owl-carousel/js/script.js?ver=4.2.2,1
128.199.207.123,32,https://paytm.com:443/,1
14.139.158.85,35,https://paytm.com:443/offer/wp-content/uploads/2015/01/style.css,1
14.139.158.85,35,https://paytm.com:443/offer/wp-includes/js/masonry.min.js?ver=3.1.2,1
182.66.62.116,43,https://www.paytm.com:443/,1
192.100.72.2,44,https://paytm.com:443/shop/p/tupperware-square-container-5-kgs-1-piece-HOMTUPPERWARE-SSAVI27406A68DBF5B,1
223.227.174.97,46,https://paytm.com:443/shop/v1/frequentorders,1
49.207.180.208,52,https://paytm.com:443/shop,1
59.144.9.7,52,https://paytm.com:443/offer/wp-content/plugins/wp-awesome-faq/jquery-ui.css?ver=4.2.2,1
59.144.9.7,52,https://paytm.com:443/offer/wp-content/plugins/contact-form-7/includes/js/jquery.form.min.js?ver=3.51.0-2014.06.20,1
59.90.118.233,53,https://paytm.com:443/papi/nps/merchantrating?merchant_id=59465&channel=web&version=2,2
103.10.133.197,9,https://paytm.com:443/shop/orderdetail/1116589422?channel=web&version=2,1
106.76.27.161,15,https://paytm.com:443/offer/wp-content/uploads/2015/05/uber.jpg,1
107.167.107.158,16,https://paytm.com:443/summary/1117835829,1
107.167.107.65,23,https://paytm.com:443/settings,3
122.166.65.185,40,https://paytm.com:443/shop/cart?channel=web&version=2,2
134.159.168.72,44,https://paytm.com:443/papi/nps/merchantverification,1
14.96.47.21,51,https://paytm.com:443/shop/v1/frequentorders?channel=web&version=2,1
182.56.196.42,55,https://paytm.com:443/offer/wp-content/plugins/easy-logo-slider/js/jcarousel.responsive.js?ver=4.2.2,1
223.176.183.179,64,https://paytm.com:443/shop/p/hiba-red-polyester-saree-APPHIBA-RED-POLVIVA476253ADB9E61,1
27.4.16.119,70,https://paytm.com:443/offer/wp-content/plugins/wc-gallery/includes/js/owlcarousel/assets/owl.carousel.min.css?ver=2.0.0,1
43.248.39.195,73,https://paytm.com:443/shop/p/craftliva-pink-georgette-suit-dress-material-APPCRAFTLIVA-PICRAF575173275C91A,1
49.249.12.60,77,https://paytm.com:443/blog/wp-content/uploads/2014/11/logo3.jpg,1
59.178.47.87,77,https://paytm.com:443/offer/wp-content/plugins/wc-gallery/includes/js/flexslider/flexslider.css?ver=2.2.0,1
59.178.47.87,77,https://paytm.com:443/offer/wp-content/plugins/wp-image-slider-with-lightbox/css/jquery.lbox.css?ver=4.2.2,1
61.246.252.5,78,https://paytm.com:443/shop/v1/frequentorders?channel=web&version=2,1
101.62.189.11,4,https://paytm.com:443/offer/wp-includes/js/jquery/ui/core.min.js?ver=1.11.4,1
110.232.253.161,16,https://paytm.com:443/offer/wp-content/plugins/easy-logo-slider/js/jcarousel.responsive.js?ver=4.2.2,1
110.232.253.161,16,https://paytm.com:443/offer/wp-content/plugins/owl-carousel/css/styles.css?ver=4.2.2,1
111.93.140.114,16,https://paytm.com:443/shop/wallet/balance?channel=web&version=2,1
112.79.35.113,18,https://paytm.com:443/offer/wp-content/plugins/owl-carousel/css/owl.carousel.css?ver=4.2.2,1
116.199.175.251,25,https://paytm.com:443/papi/rr/products/4604219/statistics?channel=web&version=2,1
117.211.185.71,26,https://paytm.com:443/shop/user/address?channel=web&version=2,1
117.223.53.143,26,https://paytm.com:443/offer/wp-content/plugins/wp-thumbnail-slider/js/wpt-js.js?ver=4.2.2,1
117.223.53.143,26,https://paytm.com:443/offer/wp-content/uploads/2015/07/julqw.jpg,1
117.223.53.143,26,https://paytm.com:443/offer/wp-includes/js/jquery/ui/core.min.js?ver=1.11.4,1
117.245.20.170,26,https://paytm.com:443/shop/cart?channel=web&version=2,1
120.56.153.115,27,https://paytm.com:443/offer/wp-content/uploads/2015/06/but_1.png,1
122.168.212.235,27,https://paytm.com:443/papi/v1/promosearch/product/13442596/offers?parent_id=13442821&price=2495&channel=web&version=2,1
122.172.241.178,27,https://paytm.com:443/offer/wp-content/plugins/wp-image-slider-with-lightbox/images/fancybox.png,1
123.236.56.238,28,https://paytm.com:443/papi/v1/expresscart/verify,1
123.242.242.16,30,https://paytm.com:443/papi/nps/merchantrating?merchant_id=65397&channel=web&version=2,1
124.123.72.102,30,https://paytm.com:443/undefined,3
125.17.164.241,35,https://paytm.com:443/shop/orderdetail/954564325?actions=1&channel=web&version=2,1
14.140.116.135,38,https://paytm.com:443/offer,1
183.82.108.26,51,https://paytm.com:443/shop/nps-feedback?utm_source=order&utm_medium=email&utm_campaign=nps&orderid=1101704045&category=npsFeedback-recharge&response=10,1
203.110.246.25,58,https://paytm.com:443/shop/summary/1116537165,1
203.110.246.25,58,https://paytm.com:443/papi/nps/merchantrating?merchant_id=24777&channel=web&version=2,2
203.89.150.13,59,https://paytm.com:443/offer/wp-content/plugins/contact-form-7/includes/css/styles.css?ver=4.0.3,1
37.228.107.78,64,https://paytm.com:443/offer/wp-includes/js/jquery/ui/draggable.min.js?ver=1.11.4,1
49.213.46.45,65,https://paytm.com:443/shop/cart?channel=web&version=2,1
101.222.183.170,5,https://paytm.com:443/offer/wp-content/uploads/2015/07/miscellaneous5.gif,1
117.194.132.37,31,https://paytm.com:443/papi/nps/merchantrating?merchant_id=24699&channel=web&version=2,1
117.200.214.19,31,https://paytm.com:443/offer/wp-includes/js/wp-emoji-release.min.js?ver=4.2.2,1
117.200.214.19,31,https://paytm.com:443/offer/wp-content/plugins/wonderplugin-carousel/engine/wonderplugincarousel.js?ver=3.8,1
117.208.205.191,31,https://paytm.com:443/papi/v1/promosearch/product/12676664/offers?parent_id=12676944&price=817&channel=web&version=2,1
121.245.120.217,33,https://paytm.com:443/papi/rr/products/15282088/statistics?channel=web&version=2,1
122.170.170.252,34,https://www.paytm.com:443/,1
122.177.228.234,34,https://paytm.com:443/papi/v1/promosearch/product/334234/offers?parent_id=335784&price=699&channel=web&version=2,1
125.17.159.150,34,https://paytm.com:443/shop/h/electronics/kitchen-appliances?src=gtr1,1
14.139.45.244,37,https://paytm.com:443/papi/v1/promosearch/product/10094221/offers?parent_id=null,1
183.82.110.190,52,https://paytm.com:443/papi/rr/products/17217257/statistics?channel=web&version=2,1
37.228.106.71,57,https://paytm.com:443/styles/app.css,1
71.32.83.126,64,https://paytm.com:443/shop/cart?channel=web&version=2,1
101.220.114.145,4,https://paytm.com:443/paytmcash,2
103.37.201.5,4,https://paytm.com:443/shop/v1/frequentorders?channel=web&version=2,3
112.79.38.160,9,https://paytm.com:443/offer/wp-content/plugins/image-slider-responsive/js/jquery.flexslider-min.js?ver=4.2.2,1
115.113.121.126,15,https://paytm.com:443/,1
117.195.81.227,15,https://paytm.com:443/offer/wp-content/plugins/owl-carousel/js/script.js?ver=4.2.2,1
117.221.147.139,17,https://paytm.com:443/shop/orderdetail/1117820232?channel=web&version=2,1
120.59.254.71,19,https://paytm.com:443/offer/wp-includes/js/jquery/ui/widget.min.js?ver=1.11.4,1
122.161.232.0,19,https://paytm.com:443/papi/nps/merchantrating?merchant_id=58061&channel=web&version=2,1
170.248.0.130,38,https://paytm.com:443/offer/wp-includes/js/jquery/ui/accordion.min.js?ver=1.11.4,1
182.67.76.246,43,https://paytm.com:443/shop/h/electronics/kitchen-appliances?gclid=CPvT_sDS78YCFUIsvQodRxoCRg,1
205.228.82.178,71,https://paytm.com:443/shop/summary/1116548183,1
219.64.184.248,72,https://paytm.com:443/offer/wp-includes/js/wp-emoji-release.min.js?ver=4.2.2,1
45.116.44.49,76,https://paytm.com:443/brands/yonex/,1
49.206.247.39,76,https://paytm.com:443/papi/v1/promosearch/product/14740554/offers?parent_id=3843421&price=498&channel=web&version=2,1
1.23.228.131,0,https://paytm.com:443/shop/summary/1117862600,1
107.167.107.106,12,https://paytm.com:443/blog/wp-content/themes/svbtle/style.css,1
115.112.118.44,27,https://paytm.com:443/offer/wp-content/uploads/2015/07/autom.jpg,1
117.203.81.246,29,https://paytm.com:443/shop/g/industrial-supplies/test-measurement/gauge-measurement,1
117.230.5.23,30,https://paytm.com:443/offer/wp-includes/js/jquery/ui/resizable.min.js?ver=1.11.4,1
122.168.142.161,38,https://paytm.com:443/papi/v1/expresscart/verify,1
14.141.26.161,51,https://paytm.com:443/offer/wp-content/plugins/wc-gallery/includes/js/owlcarousel/assets/owl.theme.default.css?ver=2.0.0,1
14.141.26.161,51,https://paytm.com:443/offer/wp-includes/js/jquery/jquery.masonry.min.js?ver=3.1.2,1
14.98.46.27,52,https://paytm.com:443/shop/cart?channel=web&version=2,2
182.18.177.198,65,https://paytm.com:443/offer/wp-content/plugins/wp-responsive-slider-with-lightbox/css/l-box-css.css?ver=4.2.2,1
182.68.95.197,67,https://paytm.com:443/papi/v1/promosearch/product/16294165/offers?parent_id=16295652&price=1429&channel=web&version=2,1
183.83.155.69,73,https://paytm.com:443/offer/wp-content/plugins/wc-gallery/includes/js/flexslider/flexslider.css?ver=2.2.0,1
188.166.109.30,73,https://paytm.com:443/shop,1
202.46.22.10,77,https://paytm.com:443/images/greyStar.png,2
223.176.154.186,87,https://paytm.com:443/styles/app.css,1
223.196.254.219,88,https://paytm.com:443/papi/v1/promosearch/product/16918503/offers?parent_id=1564453&price=662&channel=web&version=2,1
49.205.197.223,91,https://paytm.com:443/offer/wp-includes/js/jquery/ui/resizable.min.js?ver=1.11.4,1
1.187.179.14,0,https://paytm.com:443/shop,1
1.38.23.238,0,https://paytm.com:443/papi/v1/expresscart/verify,1
103.243.226.101,6,https://paytm.com:443/papi/nps/merchantverification,1
103.38.247.251,7,https://paytm.com:443/shop/login?isIframe=true&theme=mp-web,3
106.194.56.134,10,https://paytm.com:443/shop/p/dream-decor-cotton-double-bed-sheet-with-2-pillow-covers-set-of-3-HOMDREAM-DECOR-DREA26425948BE967,1
117.199.190.26,17,https://paytm.com:443/shop/wallet/txnhistory?page_size=10&page_number=0&channel=web&version=2,1
117.201.223.233,17,https://paytm.com:443/shop/wallet/txnhistory?page_size=10&page_number=0&channel=web&version=2,3
121.246.206.67,21,https://paytm.com:443/offer/wp-includes/js/masonry.min.js?ver=3.1.2,1
125.19.8.230,29,https://paytm.com:443/papi/v1/expresscart/verify,2
125.19.97.206,30,https://paytm.com:443/shop/cart?channel=web&version=2,1
168.235.197.232,37,https://paytm.com:443/mobile,2
175.101.8.194,42,https://paytm.com:443/login,2
182.73.101.74,48,https://paytm.com:443/offer/wp-content/uploads/2015/06/GET50_17june.jpg,1
192.31.114.252,50,https://paytm.com:443/offer/wp-includes/js/jquery/jquery.masonry.min.js?ver=3.1.2,1
198.147.160.75,52,https://paytm.com:443/offer/wp-content/uploads/2015/07/offer-page_21july.jpg,2
202.142.125.223,55,https://paytm.com:443/shop/p/a-k-a7-green-MOBA-K-A7-GREENALOK3273334B9EA49,1
203.76.188.52,59,https://paytm.com:443/shop/cart,1
219.64.187.114,61,https://paytm.com:443/offer/wp-includes/js/jquery/ui/core.min.js?ver=1.11.4,1
223.184.78.21,66,https://paytm.com:443/papi/v1/promosearch/product/9566198/offers?parent_id=12979885&price=160&channel=web&version=2,1
27.5.149.233,69,https://paytm.com:443/papi/v1/promosearch/product/12269340/offers?parent_id=9305319&price=17900&channel=web&version=2,1
49.206.74.170,77,https://paytm.com:443/offer/wp-content/plugins/wp-awesome-faq/jquery-ui.css?ver=4.2.2,1
59.89.150.214,86,https://paytm.com:443/coupons,1
59.99.139.29,87,https://paytm.com:443/favicon.ico,1
70.39.187.230,90,https://paytm.com:443/offer/wp-content/plugins/wp-awesome-faq/images/ui-bg_glass_95_fef1ec_1x400.png,2
103.24.126.14,14,https://paytm.com:443/shop/orderdetail/1114814871?actions=1&channel=web&version=2,2
106.206.97.245,16,https://paytm.com:443/?utm_source=ucweb&utm_medium=Affiliate&utm_campaign=web,1
106.215.140.199,16,https://paytm.com:443/shop/p/sony-cp-f10l-10000mah-usb-portable-charger-silver-MOBSONY-CP-F10LDREA5895272ED41FC?utm_source=Affiliates&utm_medium=msp&utm_campaign=msp,1
112.196.129.134,21,https://paytm.com:443/shop/cart?channel=web&version=2,2
115.110.103.206,23,https://paytm.com:443/offer/wp-content/plugins/wp-responsive-slider-with-lightbox/css/l-box-css.css?ver=4.2.2,1
115.113.174.100,24,https://paytm.com:443/offer/wp-content/uploads/2015/07/offer-page_21july.jpg,1
115.113.174.100,29,https://paytm.com:443/offer/wp-content/uploads/2015/07/main_sports_health_14jul.jpg,1
115.113.174.100,29,https://paytm.com:443/offer/wp-content/plugins/really-simple-facebook-twitter-share-buttons/style.css?ver=4.2.2,1
115.113.229.4,30,https://paytm.com:443/offer/wp-content/plugins/owl-carousel/js/script.js?ver=4.2.2,1
117.193.1.82,36,https://paytm.com:443/shop/g/electronics/storage/storage-store/c1/pen-drive-and-memory-card-extra-15-off?utm_source=affiliates&utm_medium=grabon&utm_campaign=grabon,1
117.193.1.82,36,https://paytm.com:443/offer/wp-content/plugins/wp-thumbnail-slider/js/wpt-js.js?ver=4.2.2,1
117.199.187.155,37,https://paytm.com:443/papi/v1/promosearch/product/5273637/offers?parent_id=2450811&price=338&channel=web&version=2,1
117.248.191.156,43,https://paytm.com:443/offer/wp-content/plugins/owl-carousel/js/script.js?ver=4.2.2,1
119.235.50.12,44,https://paytm.com:443/offer/wp-includes/js/jquery/ui/position.min.js?ver=1.11.4,2
180.215.253.21,61,https://paytm.com:443/offer/wp-content/uploads/2015/07/autom.jpg,1
180.215.253.21,61,https://paytm.com:443/offer/wp-content/uploads/2015/07/bedlinen.jpg,1
182.72.88.156,63,https://paytm.com:443/papi/v1/promosearch/product/13056661/offers?parent_id=8986821,1
49.249.81.118,83,https://paytm.com:443/shop/cart?channel=web&version=2,1
59.180.153.216,84,https://paytm.com:443/papi/v1/promosearch/product/8361096/offers?parent_id=1926275&price=3295&channel=web&version=2,1
101.221.136.165,6,https://paytm.com:443/papi/nps/merchantrating?merchant_id=23914&channel=web&version=2,1
103.16.70.144,7,https://paytm.com:443/shop/cart,2
115.113.250.2,28,https://paytm.com:443/offer/wp-includes/js/jquery/ui/draggable.min.js?ver=1.11.4,1
115.113.250.2,29,https://paytm.com:443/offer/wp-content/plugins/wp-social-sharing/static/socialshare.js?ver=1.3,1
115.113.250.2,30,https://paytm.com:443/offer/wp-content/uploads/2015/07/eoss_620x443.jpg,1
115.114.108.35,30,https://paytm.com:443/shop/log,1
116.203.75.135,40,http://www.paytm.com:80/,1
117.203.84.39,41,https://paytm.com:443/offer/wp-content/plugins/really-simple-facebook-twitter-share-buttons/images/facebook-share.png,1
117.210.170.61,43,https://paytm.com:443/bus-tickets?webview=1&client=androidapp&version=4.4.2,1
122.160.216.82,59,https://paytm.com:443/papi/v1/promosearch/product/12044636/offers?parent_id=12053572&price=1399&channel=web&version=2,1
122.172.135.117,63,https://paytm.com:443/shop/action,1
122.173.24.11,63,https://paytm.com:443/offer/wp-content/uploads/2015/07/470x220_19july.jpg,1
123.136.18.22,65,https://paytm.com:443/papi/rr/products/12915491/statistics?channel=web&version=2,2
123.136.18.22,65,https://paytm.com:443/papi/v1/promosearch/product/12915491/offers?parent_id=2091163&price=1799&channel=web&version=2,2
136.2.1.105,71,https://paytm.com:443/shop/v1/frequentorders?channel=web&version=2,1
164.100.1.150,78,https://paytm.com:443/papi/nps/merchantverification,1
168.235.195.126,85,https://paytm.com:443/offer/wp-content/themes/twentytwelve/js/navigation.js?ver=20140318,1
182.73.81.153,93,https://paytm.com:443/shop/orderdetail/1110902068?actions=1&channel=web&version=2,2
183.87.60.142,94,https://paytm.com:443/offer/wp-content/uploads/2015/01/style.css,1
183.87.60.142,94,https://paytm.com:443/offer/wp-content/plugins/wc-gallery/includes/css/magnific-popup.css?ver=0.9.9,1
199.190.46.41,95,https://paytm.com:443/,1
49.248.43.162,110,https://paytm.com:443/shop/cart?channel=web&version=2,2
54.169.106.125,110,https://paytm.com:443/shop/p/intex-aqua-speed-black-MOBINTEX-AQUA-SDUMM14161E75CD6_25239,1
54.169.106.125,112,https://paytm.com:443/shop/p/lg-hbs-730-bluetooth-headset-black-COMLG-HBS-730-BSELL66192BD54C3B3,2
54.169.106.125,112,https://paytm.com:443/shop/p/samsung-galaxy-grand-prime-black-SAMSUNG_GRANDPRIME_8GB_BLACK_28988,1
54.169.106.125,112,https://paytm.com:443/shop/p/sony-xperia-e4-black-MOBSONY-XPERIA-SK-R3087658E167B6,1
54.169.106.125,112,https://paytm.com:443/shop/p/micromax-bolt-a064-white-MICROMAX_BOLTA064_4GB_WHITE_25008,1
54.169.106.125,112,https://paytm.com:443/shop/p/nikon-coolpix-l29-16-1-mp-point-shoot-camera-black-CAMNIKON-COOLPIVIJA59507C4DB82ED,1
54.169.106.125,112,https://paytm.com:443/shop/p/reliance-zte-s194-black-MOBRELIANCE-ZTEDAZE21357D53DCA19,1
54.169.106.125,112,https://paytm.com:443/shop/p/samsung-tizen-z1-black-MOBSAMSUNG-TIZEDUMM14169F0ECA_48893,1
54.169.106.125,112,https://paytm.com:443/shop/p/samsung-galaxy-e5-white-MOBSAMSUNG-GALADUMM1416346B02B_42657,1
54.169.106.125,112,https://paytm.com:443/shop/p/samsung-grand-prime-sm-g530hzwdins-grey-MOBSAMSUNG-GRANSHIV75386C0AF12DA,1
54.169.106.125,112,https://paytm.com:443/shop/p/karbonn-titanium-s5-ultra-white-KARBONN_S5ULTRA_4GB_WHITE_20262,1
54.169.106.125,113,https://paytm.com:443/shop/p/samsung-galaxy-grand-2-neon-blue-MOBSAMSUNG-GALANXTE29901E7C83252,1
54.169.106.125,113,https://paytm.com:443/shop/p/sandisk-cruzer-blade-16gb-pen-drive-STOSANDISK-CRUZONLI32950F99DD5AC,1
54.169.106.125,113,https://paytm.com:443/shop/p/apple-iphone-5c-16-gb-green-CMPLXApple_IPHONE5C_32GB_Green,1
54.169.106.125,113,https://paytm.com:443/shop/p/usha-1602-lt-teflon-dry-iron-USHA_1602LTTEFLON_NULL_NULL_28002,1
54.169.106.125,113,https://paytm.com:443/shop/p/goqii-3-month-life-plan-fitness-band-persistent-red-black-SPOGOQII-3-MONTBALA202134AEE99B9,1
54.169.106.125,113,https://paytm.com:443/shop/p/samsung-tizen-z1-white-MOBSAMSUNG-TIZEDUMM141980EB6ED_22672,1
54.169.77.128,113,https://paytm.com:443/shop/p/micromax-x070-black-MOBMICROMAX-X07ATOZ2124664AEB90C,1
54.169.77.128,113,https://paytm.com:443/shop/p/kaspersky-antivirus-2015-1-pc-1-year-KASPERSKY_ANTIVIRUS2015_1YEAR_NULL_20962,1
54.169.77.128,113,https://paytm.com:443/shop/p/hp-15-r203tx-notebook-k8u03pa-core-i5-5th-gen-4-gb-ram-1-tb-hdd-15-6-inch-dos-2-gb-graph-black-LAPHP-15-R203TXDUMM202569B7C78B7_40876,1
54.169.77.128,113,https://paytm.com:443/shop/p/sony-cp-v10-bc-10000-mah-power-bank-for-smartphone-camera-black-MOBSONY-CP-V10-DUMM1412FA9817A_44304,1
54.169.77.128,115,https://paytm.com:443/shop/p/intex-turbo-v2-black-red-CMPLXMOBINTEX-TURBO-SIRS210059B86749B,1
54.169.77.128,115,https://paytm.com:443/shop/p/apple-iphone-6-64-gb-silver-CMPLXAPPLE_IPHONE6_64GB_SILVER_20057,1
54.169.77.128,116,https://paytm.com:443/shop/p/mts-rockstar-m131-black-CMPLXMOBMTS-ROCKSTARDUMM14159DA9353,1
54.169.77.128,116,https://paytm.com:443/shop/p/ambrane-p-1310-13000mah-power-bank-white-black-CMPLXMOBAMBRANE-P-13SHRE216939AAAFF,1
54.169.77.128,116,https://paytm.com:443/shop/p/seagate-backup-plus-slim-1tb-portable-external-hard-drive-black-STOSEAGATE-BACKGEMS39359848A11CB,1
54.169.77.128,116,https://paytm.com:443/shop/p/apple-iphone-5s-32-gb-space-grey-Apple_IPHONE5S_32GB_SpaceGrey_33278,1
61.0.207.2,117,https://paytm.com:443/papi/v1/promosearch/product/2847857/offers?parent_id=0&price=179&channel=web&version=2,2
72.163.220.5,119,https://paytm.com:443/shop/wallet/txnhistory?page_size=10&page_number=0&channel=web&version=2,1
103.21.126.78,11,https://paytm.com:443/shop/cart?channel=web&version=2,2
103.21.126.78,12,https://paytm.com:443/papi/rr/products/13448106/statistics?channel=web&version=2,2
106.76.116.250,21,https://paytm.com:443/shop/logout?channel=web&version=2,1
106.79.69.120,21,https://paytm.com:443/offer/wp-includes/js/jquery/ui/widget.min.js?ver=1.11.4,1
115.184.24.215,24,https://paytm.com:443/shop/orderdetail/1116573317,1
115.187.42.177,25,http://www.paytm.com:80/,1
117.214.142.96,26,https://paytm.com:443/shop/cart?channel=web&version=2,3
120.63.12.99,29,https://paytm.com:443/offer/wp-content/uploads/2015/07/bargain.jpg,1
121.244.54.32,30,https://paytm.com:443/shop/wallet/balance?channel=web&version=2,1
122.172.198.155,32,https://paytm.com:443/shop/g/electronics/camera/camera-accessories/remote-control,1
122.248.191.157,33,https://paytm.com:443/papi/rr/products/16663182/statistics?channel=web&version=2,6
14.139.226.10,36,https://paytm.com:443/shop/p/philips-qt4005-trimmer-m-power-play-PHILIPS_QT4005_NULL_NULL_138,1
14.139.226.10,36,https://paytm.com:443/shop/g/electronics/computers-accessories/computer-accessories-store/carousel/headphones,1
14.139.226.10,36,https://paytm.com:443/shop/p/dell-red-laptop-bag-BAGDELL-RED-LAPS-SA2339D7F7247,1
14.140.125.146,40,https://paytm.com:443/offer/wp-content/plugins/contact-form-7/includes/css/styles.css?ver=4.0.3,1
150.107.232.234,40,https://paytm.com:443/papi/rr/products/15285606/statistics?channel=web&version=2,1
183.82.166.236,42,https://paytm.com:443/shop/login?isIframe=true&theme=mp-web,1
183.82.246.172,43,https://paytm.com:443/shop/authresponse?code=0dd114f7-9504-46e0-a610-d95500a6678d&state=null,1
183.83.45.172,43,https://paytm.com:443/offer/wp-content/plugins/wp-image-slider-with-lightbox/css/jquery.lbox.css?ver=4.2.2,1
183.83.45.172,43,https://paytm.com:443/offer/wp-includes/js/jquery/ui/draggable.min.js?ver=1.11.4,1
202.63.113.110,51,https://paytm.com:443/offer/wp-content/plugins/images-thumbnail-sliderv1/css/images-thumbnail-sliderv1-style.css?ver=4.2.2,1
223.29.198.11,64,https://paytm.com:443/offer/wp-content/plugins/wp-image-slider-with-lightbox/css/slider-plus-lightbox-style.css?ver=4.2.2,1
49.213.42.196,73,https://paytm.com:443/?utm_medium=affiliate&utm_source=Netcore_mailer&utm_campaign=ElectronicSale-20072015&utm_term=aff17,1
58.146.123.200,75,https://paytm.com:443/offer/wp-content/plugins/wp-image-slider-with-lightbox/js/jquery.lbox.min.js?ver=4.2.2,1
59.96.178.83,78,https://paytm.com:443/shop/orderdetail/1116645498?channel=web&version=2,1
59.99.157.52,78,https://paytm.com:443/blog/wp-content/plugins/jetpack/css/jetpack.css?ver=3.5.3,1
8.37.225.5,83,https://paytm.com:443/blog/wp-includes/js/jquery/jquery-migrate.min.js?ver=1.2.1,1
1.39.12.181,5,https://paytm.com:443/shop/h/electronics?utm_term=1028,1
106.221.147.191,18,https://paytm.com:443/offer/wp-includes/js/jquery/ui/button.min.js?ver=1.11.4,1
115.114.133.243,27,https://paytm.com:443/styles/app.css,1
120.60.191.144,38,https://paytm.com:443/papi/v1/promosearch/product/13071940/offers?parent_id=12636972&price=878&channel=web&version=2,1
122.180.141.102,40,https://paytm.com:443/offer/wp-content/uploads/2015/07/kitch11.jpg,1
14.97.46.26,48,https://paytm.com:443/offer/wp-includes/js/jquery/ui/draggable.min.js?ver=1.11.4,1
59.177.15.77,76,https://paytm.com:443/papi/nps/merchantrating?merchant_id=54977&channel=web&version=2,5
104.236.211.218,14,https://paytm.com:443/offer/wp-content/plugins/contact-form-7/includes/js/scripts.js?ver=4.0.3,1
106.51.127.56,14,https://paytm.com:443/shop/code?code=d251f338-767d-4fea-8faf-ecbfd93ad758,1
112.121.55.9,30,https://paytm.com:443/offer/wp-content/plugins/wp-image-slider-with-lightbox/css/slider-plus-lightbox-style.css?ver=4.2.2,2
112.121.55.9,32,https://paytm.com:443/offer/wp-content/uploads/2015/07/offer-page_21july.jpg,2
112.121.55.9,32,https://paytm.com:443/offer/wp-content/plugins/contact-form-7/includes/css/styles.css?ver=4.0.3,2
115.112.157.34,35,https://paytm.com:443/shop/cart?channel=web&version=2,1
115.99.11.181,37,https://paytm.com:443/papi/v1/promosearch/product/16272633/offers?parent_id=11405966&price=149&channel=web&version=2,1
117.205.64.36,41,https://paytm.com:443/shop/orderdetail/1116215710?actions=1&channel=web&version=2,2
117.207.254.73,41,https://paytm.com:443/shop/g/men/the-men-s-store/innerwear-sleepwear?utm_source=affiliate&utm_medium=innovativelead&utm_campaign=innovativelead-generic&utm_term=26,2
117.214.84.206,41,https://paytm.com:443/offer/wp-content/plugins/owl-carousel/css/owl.theme.css?ver=4.2.2,1
117.214.84.206,41,https://paytm.com:443/offer/wp-includes/js/jquery/ui/accordion.min.js?ver=1.11.4,1
117.223.204.146,44,https://paytm.com:443/offer/wp-content/plugins/wp-image-slider-with-lightbox/js/jquery.lbox.min.js?ver=4.2.2,1
117.223.204.146,44,https://paytm.com:443/offer/wp-content/plugins/owl-carousel/css/styles.css?ver=4.2.2,1
14.99.228.114,61,https://paytm.com:443/papi/rr/products/15575709/statistics?channel=web&version=2,1
180.215.163.90,65,https://paytm.com:443/shop/p/undefined,1
182.73.104.146,70,https://paytm.com:443/shop/v1/frequentorders?channel=web&version=2,2
183.82.1.16,71,https://paytm.com:443/shop/h/electronics/undefined,2
183.82.43.114,71,https://paytm.com:443/papi/v1/promosearch/product/17401610/offers?parent_id=0&price=829&channel=web&version=2,1
183.82.91.171,71,https://paytm.com:443/shop/cart?channel=web&version=2,2
183.83.19.104,72,https://paytm.com:443/offer/wp-content/uploads/2015/06/RCH10_17june.jpg,1
27.97.118.136,78,https://paytm.com:443/shop/wallet/getP2BModelWindowDetails,1
54.169.1.152,81,https://paytm.com:443/shop/p/lg-h955-g-flex-2-red-MOBLG-H955-G-FLCREA64676EFD90DB2,1
54.169.1.152,81,https://paytm.com:443/shop/p/karbonn-st72-white-MOBKARBONN-ST72REDL44565506C3110,1
54.169.1.152,82,https://paytm.com:443/shop/p/iball-andi-4h-tiger-plus-white-CMPLXMOBIBALL-ANDI-4DUMM1417F67DD53,1
54.169.1.152,82,https://paytm.com:443/shop/p/kaspersky-anti-virus-2015-1-pc-1-year-KASPERSKY_1U1Y_NULL_NULL_31482,1
54.169.1.152,82,https://paytm.com:443/shop/p/panasonic-p41-8-gb-white-MOBPANASONIC-P4DUMM1416F1F8427_36530,1
54.169.1.152,82,https://paytm.com:443/shop/p/lg-optimus-l5-ii-dual-e455-black-LG_OptimusL5IIDualE455_4GB_Black_23206,1
54.169.1.152,82,https://paytm.com:443/shop/p/karbonn-k-phone-1-black-brown-Karbonn_K-Phone1_Null_BlackBrown_20262,1
54.169.1.152,82,https://paytm.com:443/shop/p/celkon-q-550-black-CMPLXMOBCELKON-Q-550DUMM14150B11159,1
54.169.1.152,82,https://paytm.com:443/shop/p/micromax-x2411-grey-MOBMICROMAX-X24ROYA44156D1661B54,1
54.169.1.152,82,https://paytm.com:443/shop/p/nokia-lumia-630-ds-bright-yellow-NOKIA_630_8GB_BRIGHTYELLOW_45267,1
54.169.1.152,82,https://paytm.com:443/shop/p/panasonic-p41-8-gb-white-MOBPANASONIC-P4DUMM1416F1F8427_33095,1
54.169.1.152,82,https://paytm.com:443/shop/p/usha-el-1602-1000-w-dry-iron-green-white-HOMUSHA-EL-1602TECH4858966D61447,1
54.169.1.152,83,https://paytm.com:443/shop/p/seagate-backup-plus-slim-2-5-inch-1-tb-external-hard-disk-red-Seagate_BackupPlusSlim_1TB_Red_20780,1
54.169.1.152,83,https://paytm.com:443/shop/p/apple-md101hn-a-laptop-4-gb-ddr3-500-gb-hdd-core-i5-2nd-gen-mac-os-x-lion-APPLE_MD101HNA_4GBDDR3_SILVER_29253,1
54.169.1.152,83,https://paytm.com:443/shop/p/apple-iphone-5c-8-gb-blue-APPLE_IPHONE5C_8GB_BLUE_33278,1
54.169.1.152,83,https://paytm.com:443/shop/p/apple-iphone-5s-32-gb-gold-Apple_IPHONE5S_32GB_Gold_27047,1
54.169.1.152,83,https://paytm.com:443/shop/p/logitech-mk220-wireless-keyboard-and-mouse-combo-LOGITECH_MK220_NULL_NULL_24056,1
54.169.1.152,83,https://paytm.com:443/shop/p/samsung-galaxy-a5-pearl-white-MOBSAMSUNG-GALADUMM14159BD483C_23206,1
54.169.1.152,84,https://paytm.com:443/shop/p/gionee-pioneer-p6-white-CMPLXMOBGIONEE-PIONEDUMM141416D64FD,1
59.177.131.246,87,https://paytm.com:443/shop/p/chicco-set-up-fast-flow-feeding-bottle-330-ml-KIDCHICCO-SET-UROYA51740446461F,1
70.39.187.10,91,https://paytm.com:443/offer/wp-includes/js/jquery/ui/position.min.js?ver=1.11.4,1
1.39.62.131,2,https://paytm.com:443/shop/wallet/balance?channel=web&version=2,1
103.7.30.159,14,http://paytm.com:80/,1
106.215.137.230,15,https://paytm.com:443/offer/wp-content/plugins/wp-awesome-faq/jquery-ui.css?ver=4.2.2,1
106.215.139.162,15,https://paytm.com:443/,1
106.216.136.89,15,https://paytm.com:443/offer/wp-content/plugins/image-slider-responsive/css/flexslider.css?ver=4.2.2,1
106.216.136.89,15,http://paytm.com:80/offer,1
107.167.108.31,16,https://paytm.com:443/verification,1
112.79.35.211,22,https://paytm.com:443/shop/wallet/txnhistory?page_size=10&page_number=0,1
115.245.199.145,29,https://paytm.com:443/shop/search?brand=2678&availability=1&webview=1&client=androidapp&version=4.4.3,1
115.250.76.159,29,https://paytm.com:443/papi/rr/products/6532512/statistics?channel=web&version=2,1
117.205.216.107,31,https://paytm.com:443/shop/cart?channel=web&version=2,1
117.207.10.103,31,https://paytm.com:443/papi/v1/promosearch/product/3832461/offers?parent_id=3412478&price=53500&channel=web&version=2,1
117.207.10.103,31,https://paytm.com:443/shop/p/apple-iphone-6-plus-128-gb-space-grey-APPLE_IPHONE6PLUS_128GB_SPACEGREY_48083,2
117.214.0.99,31,https://paytm.com:443/papi/nps/merchantrating?merchant_id=23459&channel=web&version=2,1
117.240.184.186,33,https://paytm.com:443/shop/orderhistory?pagesize=10&channel=web&version=2,2
122.15.106.146,35,https://paytm.com:443/offer/wp-includes/js/comment-reply.min.js?ver=4.2.2,1
125.63.92.250,46,https://paytm.com:443/shop/cart?channel=web&version=2,1
142.4.22.237,51,https://paytm.com:443/shop/p/philips-at756-shaver-for-men-CMPLXPHILIPS_AT756_NULL_NULL?utm_source=OMG&utm_medium=Affiliate&utm_campaign=OMG-mp,2
43.249.233.73,66,https://paytm.com:443/offer/wp-content/plugins/wp-responsive-slider-with-lightbox/css/l-box-css.css?ver=4.2.2,1
49.201.240.227,66,https://paytm.com:443/papi/v1/promosearch/product/9303250/offers?parent_id=9303201,2
59.88.183.118,66,https://paytm.com:443/shop/cart?channel=web&version=2,1
61.16.173.18,68,https://paytm.com:443/papi/rr/products/16229598/statistics?channel=web&version=2,1
1.22.183.193,0,https://paytm.com:443/shop/cart,4
106.78.53.232,14,https://paytm.com:443/offer/wp-content/plugins/images-thumbnail-sliderv1/js/jc.js?ver=4.2.2,1
106.79.210.188,14,https://paytm.com:443/shop/cart,2
112.79.36.150,21,https://paytm.com:443/coupons,1
117.195.5.110,25,https://paytm.com:443/api/user/favourite?channel=web&version=2,1
117.198.15.138,25,https://paytm.com:443/shop/p/alienware-14-series-aw14781tb2a2-laptop-8-gb-1-tb-14-inch-windows-8-1-sl-2-gb-graphics-black-blue-LAPALIENWARE-14COMP38052CAAB5A37?utm_source=Affiliates&utm_medium=msp&utm_campaign=msp,1
117.203.97.74,25,https://paytm.com:443/papi/rr/products/2800566/statistics?channel=web&version=2,1
122.161.99.84,28,https://paytm.com:443/styles/app.css,1
122.169.158.96,28,https://paytm.com:443/,1
122.180.16.186,28,https://paytm.com:443/shop/login?isIframe=true&theme=mp-web,2
123.201.72.39,30,https://paytm.com:443/shop?utm_source=Affiliates&utm_medium=VCOMM&utm_campaign=VCOMM&utm_term=24890,1
123.63.6.57,32,https://paytm.com:443/shop/wallet/balance?channel=web&version=2,1
14.141.27.254,36,https://paytm.com:443/offer/wp-content/plugins/wc-gallery/includes/css/magnific-popup.css?ver=0.9.9,1
180.87.245.174,42,https://paytm.com:443/blog/wp-content/plugins/jetpack/modules/sharedaddy/images/loading.gif,1
182.64.133.105,42,https://paytm.com:443/papi/nps/merchantrating?merchant_id=35922&channel=web&version=2,2
223.223.139.107,59,https://paytm.com:443/shop/orderdetail/1115387903?channel=web&version=2,1
27.116.18.28,60,https://paytm.com:443/offer/wp-includes/js/jquery/ui/mouse.min.js?ver=1.11.4,1
27.49.233.83,64,https://paytm.com:443/offer/wp-content/uploads/2015/07/meruwer_1.jpg,1
27.49.233.83,64,https://paytm.com:443/offer/wp-content/uploads/2015/07/autom.jpg,1
103.24.20.30,7,https://paytm.com:443/shop?utm_source=Affiliates&utm_medium=VCOMM&utm_campaign=VCOMM&utm_term=24890,1
103.54.106.136,15,https://paytm.com:443/offer/wp-includes/js/jquery/ui/position.min.js?ver=1.11.4,1
106.206.152.97,16,https://paytm.com:443/shop/login?isIframe=true&theme=mp-web,1
106.220.183.61,16,https://paytm.com:443/shop/cart,1
106.78.113.97,17,https://paytm.com:443/favicon.ico,1
106.78.167.45,17,https://paytm.com:443/offer/wp-content/plugins/wonderplugin-carousel/engine/wonderplugincarousel.js?ver=3.8,1
107.167.108.222,23,https://paytm.com:443/blog/wp-content/uploads/2014/11/favicon.png,1
112.133.243.153,29,https://paytm.com:443/blog/wp-content/uploads/2015/06/OTP_blog.jpg,1
117.239.6.45,42,https://paytm.com:443/shop/orderhistory?before_id=1034319043&pagesize=10&channel=web&version=2,1
117.240.185.91,43,https://paytm.com:443/shop/v1/frequentorders?channel=web&version=2,1
122.163.254.178,51,https://paytm.com:443/papi/v1/promosearch/product/5650868/offers?parent_id=15281873&price=450&channel=web&version=2,1
122.169.40.24,51,https://paytm.com:443/offer/wp-content/plugins/wc-gallery/includes/js/owlcarousel/assets/owl.carousel.min.css?ver=2.0.0,1
122.170.152.206,51,https://paytm.com:443/papi/nps/merchantrating?merchant_id=58929&channel=web&version=2,1
14.141.254.90,62,https://paytm.com:443/blog/wp-content/plugins/jetpack/css/jetpack.css?ver=3.5.3,1
182.71.163.118,68,https://paytm.com:443/shop/login?isIframe=true&theme=mp-web,3
210.212.151.3,73,https://paytm.com:443/offer/wp-content/plugins/wp-thumbnail-slider/js/wpt-js.js?ver=4.2.2,1
210.212.151.3,73,https://paytm.com:443/offer/wp-content/plugins/wp-image-slider-with-lightbox/css/slider-plus-lightbox-style.css?ver=4.2.2,1
210.89.60.126,74,https://paytm.com:443/offer/wp-content/plugins/wonderplugin-carousel/engine/wonderplugincarousel.js?ver=3.8,1
61.247.254.226,92,https://paytm.com:443/shop/cart,1
1.39.63.215,3,https://paytm.com:443/shop/orderdetail/1116216507?channel=web&version=2,1
101.222.160.107,4,https://paytm.com:443/shop/cart,1
103.24.126.4,5,https://paytm.com:443/shop/h/electronics?utm_source=Httpool&utm_medium=Affiliate&utm_campaign=Httpool-mp&utm_term=1028,3
112.79.37.92,14,https://paytm.com:443/papi/rr/products/13340849/statistics?channel=web&version=2,1
113.193.81.217,14,https://paytm.com:443/shop/cart?channel=web&version=2,1
117.200.129.144,20,https://paytm.com:443/offer/wp-content/plugins/owl-carousel/css/owl.theme.css?ver=4.2.2,1
117.201.219.163,20,https://paytm.com:443/shop/cart?channel=web&version=2,2
117.203.31.10,21,https://paytm.com:443/?utm_medium=affiliate&utm_source=Netcore_mailer&utm_campaign=ElectronicSale-20072015&utm_term=aff3-E,1
117.242.31.1,22,https://paytm.com:443/shop/summary/1117861691,1
117.248.144.197,23,https://paytm.com:443/shop/wallet/txnhistory?page_size=10&page_number=0&channel=web&version=2,2
122.15.24.242,27,https://paytm.com:443/offer/wp-content/plugins/easy-logo-slider/css/jcarouselresponsive.css?ver=4.2.2,1
122.162.120.112,27,https://paytm.com:443/shop/p/lenovo-p410-wired-over-ear-headphone-black-silver-COMLENOVO-P410-KH-O2125838FDF7F4,1
124.123.224.64,30,https://paytm.com:443/shop/cart?channel=web&version=2,1
125.16.140.50,32,https://paytm.com:443/,4
182.72.140.46,44,https://paytm.com:443/offer/wp-content/uploads/2015/07/julqw.jpg,1
182.73.11.138,44,https://paytm.com:443/offer/wp-content/uploads/2015/07/offer-page_20jul.jpg,1
182.73.11.138,46,https://paytm.com:443/offer/wp-content/plugins/wp-thumbnail-slider/js/wpt-js.js?ver=4.2.2,2
202.12.83.44,53,https://paytm.com:443/papi/nps/merchantrating?merchant_id=37305&channel=web&version=2,2
202.12.83.44,53,https://paytm.com:443/offer/wp-content/plugins/really-simple-facebook-twitter-share-buttons/style.css?ver=4.2.2,1
203.109.78.206,56,https://paytm.com:443/dth/?utm_source=affiliates&utm_medium=grabon&utm_campaign=grabon,1
27.255.194.80,63,https://paytm.com:443/favicon.ico,1
43.242.38.63,65,https://paytm.com:443/api/v1/expresscart/checkout?wallet=1,1
49.204.37.107,65,https://paytm.com:443/api/v1/expresscart/checkout?wallet=1,1
98.230.153.173,73,https://paytm.com:443/offer/bug-bounty/,1
98.230.153.173,73,https://paytm.com:443/offer/wp-content/themes/twentytwelve/js/navigation.js?ver=20140318,1
1.186.240.27,0,https://paytm.com:443/,1
101.212.65.157,7,https://paytm.com:443/api/user/favourite?channel=web&version=2,1
101.221.131.113,7,https://paytm.com:443/offer/termsconditions/,1
101.222.226.245,8,https://paytm.com:443/favicon.ico,1
106.215.189.65,10,https://paytm.com:443/shop/log,3
106.76.208.120,10,https://paytm.com:443/shop/summary/1118048519,1
115.112.143.170,19,https://paytm.com:443/papi/nps/merchantrating?merchant_id=21915&channel=web&version=2,1
116.203.196.139,22,https://paytm.com:443/shop/authresponse?code=b82d3c13-b5c3-4330-accd-188ce1fafffd&state=,1
117.205.235.128,22,https://paytm.com:443/favicon.ico,1
117.235.42.71,23,https://paytm.com:443/shop/login?isIframe=true&theme=mp-html5,1
121.245.136.3,24,https://paytm.com:443/shop/wallet/balance?channel=web&version=2,1
122.162.54.221,25,https://paytm.com:443/papi/rr/products/7226611/statistics?channel=web&version=2,1
122.163.151.227,25,https://paytm.com:443/terms,1
14.139.126.167,28,https://paytm.com:443/papi/v1/promosearch/product/5920120/offers?parent_id=350286&price=499&channel=web&version=2,1
168.235.197.151,42,https://paytm.com:443/?utm_source=ucweb&utm_medium=Affiliate&utm_campaign=web,2
223.225.226.16,59,https://paytm.com:443/,1
27.54.186.220,61,https://paytm.com:443/shop/cart?channel=web&version=2,2
42.106.175.147,62,https://paytm.com:443/offer/wp-content/plugins/wc-gallery/includes/js/flexslider/flexslider.css?ver=2.2.0,1
59.90.160.223,77,https://paytm.com:443/papi/rr/products/16221144/statistics?channel=web&version=2,1
70.39.184.214,82,https://paytm.com:443/offer/wp-content/plugins/wc-gallery/includes/js/owlcarousel/assets/owl.carousel.min.css?ver=2.0.0,1
70.39.187.173,83,http://paytm.com:80/,1
103.57.236.53,12,https://paytm.com:443/shop/user/address?channel=web&version=2,2
117.192.122.145,16,https://paytm.com:443/papi/rr/products/14150529/statistics?channel=web&version=2,1
117.208.36.1,17,https://paytm.com:443/shop/cart?channel=web&version=2,1
117.238.46.37,17,https://paytm.com:443/shop/orderdetail/1116541558,1
117.246.120.153,17,https://paytm.com:443/shop/wallet/filteredUsertxnHistory,1
122.161.142.126,22,https://paytm.com:443/papi/rr/products/15803512/statistics?channel=web&version=2,1
122.167.121.61,22,https://paytm.com:443/offer/wp-content/themes/twentytwelve/js/navigation.js?ver=20140318,1
122.177.239.135,22,https://paytm.com:443/offer/wp-content/plugins/really-simple-facebook-twitter-share-buttons/images/specificfeeds_follow.png,1
124.123.228.45,30,https://paytm.com:443/papi/v1/promosearch/product/16418214/offers?parent_id=0&price=399&channel=web&version=2,1
167.115.115.2,37,https://paytm.com:443/offer/wp-includes/js/jquery/ui/mouse.min.js?ver=1.11.4,1
182.72.15.99,43,https://paytm.com:443/papi/nps/merchantverification,1
27.97.23.31,52,https://paytm.com:443/offer/wp-content/plugins/image-slider-responsive/css/flexslider.css?ver=4.2.2,1
37.228.107.97,57,https://paytm.com:443/styles/app.css,1
43.224.128.88,58,https://paytm.com:443/shop?utm_source=Affiliates&utm_medium=VCOMM&utm_campaign=VCOMM&utm_term=24890,1
59.92.193.77,60,https://paytm.com:443/offer/wp-content/plugins/contact-form-7/includes/css/styles.css?ver=4.0.3,1
69.58.248.1,61,https://paytm.com:443/offer/wp-content/plugins/wp-awesome-faq/accordion.js?ver=1,2
70.39.187.203,61,https://paytm.com:443/offer/wp-content/plugins/wp-awesome-faq/images/ui-bg_flat_75_ffffff_40x100.png,1
101.63.201.66,6,https://paytm.com:443/shop/login?isIframe=true&theme=mp-web,1
103.239.170.7,10,https://paytm.com:443/api/v1/expresscart/checkout?wallet=1,1
103.245.20.134,10,https://paytm.com:443/favicon.ico,1
106.67.34.241,18,https://paytm.com:443/shop/g/gifts-and-sweets/sweets?webview=1&client=androidapp&version=4.4.3,1
112.79.39.151,29,https://paytm.com:443/shop/action,3
115.241.46.79,30,https://paytm.com:443/shop/login?isIframe=true&theme=mp-web,1
115.98.50.233,34,https://paytm.com:443/papi/rr/products/9485665/statistics?channel=web&version=2,1
117.207.201.36,38,https://paytm.com:443/shop/v1/frequentorders?channel=web&version=2,2
117.220.183.78,39,https://paytm.com:443/shop/cart,1
117.221.80.140,39,https://paytm.com:443/,2
118.102.235.69,40,https://paytm.com:443/shop/cart?channel=web&version=2,1
122.161.196.68,43,https://paytm.com:443/papi/nps/merchantrating?merchant_id=39732&channel=web&version=2,4
122.169.164.12,45,https://paytm.com:443/shop/logout?channel=web&version=2,1
123.201.230.213,45,https://paytm.com:443/blog/,1
170.251.61.77,54,https://paytm.com:443/shop/cart,2
182.19.67.200,57,https://paytm.com:443/shop/wallet/txnhistory?page_size=10&page_number=0&channel=web&version=2,1
182.237.144.158,58,https://paytm.com:443/shop/p/adidas-dark-blue-polyester-track-pant-size-30-APPADIDAS-DARK-VOGU3793194063ADC,2
183.87.229.107,65,https://paytm.com:443/offer/wp-content/plugins/owl-carousel/css/owl.carousel.css?ver=4.2.2,1
206.195.208.253,69,https://paytm.com:443/shop/authresponse?code=06067751-9c1c-4430-a798-605825e0dbb9&state=null,1
219.91.252.206,69,https://paytm.com:443/,2
223.176.55.135,72,https://paytm.com:443/papi/rr/products/15420017/statistics?channel=web&version=2,1
27.255.252.120,72,https://paytm.com:443/shop/wallet/txnhistory?page_size=10&page_number=0&channel=web&version=2,2
45.112.41.60,75,https://paytm.com:443/papi/nps/merchantrating?merchant_id=50926&channel=web&version=2,3
49.204.7.151,77,https://paytm.com:443/shop/cart,1
59.177.238.227,77,https://paytm.com:443/shop/logout?channel=web&version=2,1
59.93.246.246,77,https://paytm.com:443/shop/cart?channel=web&version=2,1
1.39.33.207,1,https://paytm.com:443/shop/cart?channel=web&version=2,2
103.232.224.251,5,https://paytm.com:443/shop/wallet/balance?channel=web&version=2,2
106.192.169.203,7,https://paytm.com:443/papi/rr/products/4246285/statistics?channel=web&version=2,1
106.51.242.32,7,https://paytm.com:443/blog/wp-content/uploads/2015/04/irctc_paytmwallet.jpg,1
106.77.73.9,8,https://paytm.com:443/,1
107.167.107.118,8,https://paytm.com:443/offer/wp-content/plugins/wp-awesome-faq/accordion.js?ver=1,1
112.79.36.172,17,https://paytm.com:443/api/user/favourite?channel=web&version=2,1
115.240.183.152,27,https://paytm.com:443/papi/rr/products/4342059/statistics?channel=web&version=2,2
117.198.220.217,28,https://paytm.com:443/shop/v1/frequentorders?channel=web&version=2,1
117.201.167.36,28,https://paytm.com:443/shop/authresponse?code=1a04aaa5-a3a0-43ca-9040-9af1d6b2965e&state=,1
117.221.21.66,28,https://paytm.com:443/offer/wp-content/plugins/wonderplugin-carousel/engine/wonderplugincarousel.js?ver=3.8,1
117.221.21.66,28,https://paytm.com:443/offer/wp-content/plugins/images-thumbnail-sliderv1/css/images-thumbnail-sliderv1-style.css?ver=4.2.2,1
14.98.116.251,35,https://paytm.com:443/shop/summary/1115386117,1
182.68.224.142,50,https://paytm.com:443/shop?utm_source=Affiliates&utm_medium=VCOMM&utm_campaign=VCOMM&utm_term=24890,1
27.116.18.8,59,https://paytm.com:443/shop?utm_source=Affiliates&utm_medium=Payoom&utm_campaign=Payoom,1
27.123.115.253,60,https://paytm.com:443/offer/termsconditions/?webview=1&client=androidapp&version=4.4.3,1
27.123.115.253,60,https://paytm.com:443/offer/wp-content/plugins/wp-image-slider-with-lightbox/js/jquery.lbox.min.js?ver=4.2.2,1
27.97.211.110,60,https://paytm.com:443/offer/wp-includes/js/jquery/ui/core.min.js?ver=1.11.4,1
43.242.244.26,65,https://paytm.com:443/shop/logout?channel=web&version=2,1
49.14.233.57,65,https://paytm.com:443/shop/cart?channel=web&version=2,1
59.144.10.208,68,https://paytm.com:443/shop/cart?channel=web&version=2,2
59.177.139.182,70,https://paytm.com:443/shop/action,2
60.243.32.143,71,http://paytm.com:80/?gclid=CMfVzIyX78YCFUKXvQodU1sAug,1
60.243.32.143,71,https://paytm.com:443/offer/wp-content/plugins/images-thumbnail-sliderv1/css/images-thumbnail-sliderv1-style.css?ver=4.2.2,1
1.39.63.195,3,https://paytm.com:443/offer/wp-content/plugins/wp-image-slider-with-lightbox/css/slider-plus-lightbox-style.css?ver=4.2.2,1
1.39.63.195,3,https://paytm.com:443/offer/wp-includes/js/jquery/ui/button.min.js?ver=1.11.4,1
103.16.202.83,3,https://paytm.com:443/offer/wp-content/uploads/2015/07/entertainment7.gif,1
103.16.202.83,3,https://paytm.com:443/shop/summary/1116629928,1
106.51.243.30,9,https://paytm.com:443/shop/p/lg-32lb515a-32-inch-led-tv-hd-ready-LARLG-32LB515A-KITC451319806ED82,1
106.76.206.158,10,https://paytm.com:443/shop/summary/1118044783,1
112.79.38.18,19,https://paytm.com:443/blog/wp-content/themes/svbtle/style.css,1
115.99.27.192,25,https://paytm.com:443/shop/cart?channel=web&version=2,1
117.212.203.43,28,https://paytm.com:443/offer/wp-content/plugins/wc-gallery/includes/js/owlcarousel/assets/owl.theme.default.css?ver=2.0.0,1
122.169.10.150,33,https://paytm.com:443/shop/orderhistory?pagesize=10&channel=web&version=2,1
14.141.142.149,45,https://paytm.com:443/papi/rr/products/16618545/statistics?channel=web&version=2,1
14.141.179.170,45,https://paytm.com:443/offer/wp-content/plugins/owl-carousel/css/owl.theme.css?ver=4.2.2,1
14.96.106.3,46,https://paytm.com:443/papi/nps/merchantrating?merchant_id=237&channel=web&version=2,1
198.212.99.11,63,https://paytm.com:443/offer/wp-content/plugins/really-simple-facebook-twitter-share-buttons/style.css?ver=4.2.2,1
198.212.99.11,63,https://paytm.com:443/offer/wp-content/plugins/contact-form-7/includes/css/styles.css?ver=4.0.3,1
37.228.104.118,67,https://paytm.com:443/offer/wp-content/uploads/2015/03/Screenshot-Wallet_P2P-money-transfer.jpg,1
59.145.209.34,79,https://paytm.com:443/offer/wp-content/plugins/owl-carousel/css/owl.theme.css?ver=4.2.2,1
8.37.224.233,81,https://paytm.com:443/?utm_source=ucweb&utm_medium=Affiliate&utm_campaign=web,1
103.21.127.77,13,https://paytm.com:443/shop/p/reebok-grey-sport-shoes-CMPLXFOOREEBOK-GREY-ROMA2422197B28534,1
106.218.57.11,17,https://paytm.com:443/shop/login?isIframe=true&theme=mp-web,1
106.77.231.224,18,https://paytm.com:443/offer/wp-content/uploads/2015/01/style.css,1
106.77.63.223,18,https://paytm.com:443/shop/orderdetail/1118078946,1
107.167.108.84,22,https://paytm.com:443/,1
113.193.33.223,23,https://paytm.com:443/shop/cart?channel=web&version=2,1
117.196.134.219,25,https://paytm.com:443/shop/authresponse?code=4cd57aa4-d54f-4fe9-9c0a-25aadfa067ef,1
122.162.158.83,29,https://paytm.com:443/papi/nps/merchantrating?merchant_id=27123&channel=web&version=2,1
122.169.40.126,33,https://paytm.com:443/papi/rr/products/17468775/statistics?channel=web&version=2,2
122.169.40.126,33,https://paytm.com:443/shop/orderdetail/1116537287?channel=web&version=2,1
14.195.21.229,37,https://paytm.com:443/shop/v1/frequentorders,1
182.66.1.52,43,https://paytm.com:443/shop/summary/1118078817,1
182.69.200.159,43,https://paytm.com:443/offer/wp-content/uploads/2015/07/470X220_books.jpg,1
183.82.194.14,44,https://paytm.com:443/shop/cart?channel=web&version=2,1
46.4.27.23,65,https://paytm.com:443/papi/v1/promosearch/product/449558/offers?parent_id=0&price=6550,1
59.183.37.38,67,https://paytm.com:443/shop/p/gauba-new-attractive-folding-cloth-almirah-HHDECO00HOME_070DHNAFR,1
61.0.59.69,67,https://paytm.com:443/shop/wallet/balance?channel=web&version=2,1
70.39.187.207,69,https://paytm.com:443/offer/wp-content/plugins/wp-responsive-slider-with-lightbox/js/l-box-js.js?ver=4.2.2,1
101.222.252.131,6,https://paytm.com:443/shop/cart?channel=web&version=2,1
103.10.208.2,10,https://paytm.com:443/offer/wp-content/uploads/2015/07/bb.png,1
103.10.208.2,10,https://paytm.com:443/shop/orderhistory?before_id=1095135036&pagesize=10&channel=web&version=2,1
106.206.151.58,14,https://paytm.com:443/shop/orderdetail/1090148128?actions=1&channel=web&version=2,4
106.216.156.255,14,https://paytm.com:443/offer/wp-content/plugins/wp-awesome-faq/accordion.js?ver=1,1
106.78.61.239,14,https://paytm.com:443/papi/v1/expresscart/verify,2
107.167.107.223,14,https://paytm.com:443/offer/wp-content/plugins/owl-carousel/css/owl.theme.css?ver=4.2.2,2
107.167.107.223,14,https://paytm.com:443/offer/wp-content/themes/twentytwelve/style.css?ver=4.2.2,1
107.167.107.223,15,https://paytm.com:443/,1
107.167.109.218,19,https://paytm.com:443/offer/wp-content/uploads/2015/05/healer_img_app.gif,1
112.79.37.155,21,https://paytm.com:443/offer/wp-content/plugins/wp-responsive-slider-with-lightbox/js/l-box-js.js?ver=4.2.2,1
115.111.2.162,23,https://paytm.com:443/shop/p/saara-afm01-air-fryer-1400-w-CMPLXSAARA_AFM01_1400W_BLACK?utm_source=Affiliates&utm_medium=msp&utm_campaign=msp,1
117.205.184.13,29,https://paytm.com:443/api/v1/expresscart/checkout?wallet=1,1
117.211.107.37,29,https://paytm.com:443/papi/nps/merchantrating?merchant_id=34559&channel=web&version=2,1
117.218.78.8,29,https://paytm.com:443/,1
117.221.135.2,29,https://paytm.com:443/papi/v1/expresscart/verify,1
119.82.113.90,32,https://paytm.com:443/papi/rr/products/12267421/statistics?channel=web&version=2,1
14.98.63.9,52,https://paytm.com:443/papi/v1/promosearch/product/7493361/offers?parent_id=7493430&price=598&channel=web&version=2,1
168.235.197.116,52,https://paytm.com:443/offer/wp-content/plugins/wp-awesome-faq/images/ui-bg_glass_55_fbf9ee_1x400.png,1
168.235.197.116,52,https://paytm.com:443/offer/wp-content/plugins/wp-awesome-faq/images/ui-bg_glass_75_e6e6e6_1x400.png,1
192.193.132.14,67,https://paytm.com:443/shop/wallet/txnhistory?page_size=10&page_number=0&channel=web&version=2,1
192.71.175.12,69,https://paytm.com:443/offer/wp-content/uploads/2015/07/bb.png,1
202.12.83.41,73,https://paytm.com:443/,8
202.54.252.201,76,https://paytm.com:443/shop/summary/1116228908,1
202.54.252.201,78,https://paytm.com:443/papi/nps/merchantrating?merchant_id=31699&channel=web&version=2,1
203.99.198.19,83,https://paytm.com:443/shop/p/samsung-galaxy-s6-32-gb-blue-topaz-CMPLXMOBSAMSUNG-GALADUMM1419348A6B3,1
37.228.104.186,90,https://paytm.com:443/blog/wp-includes/js/jquery/jquery-migrate.min.js?ver=1.2.1,1
49.204.217.70,91,https://paytm.com:443/shop/action,8
49.205.111.24,91,https://paytm.com:443/offer/wp-content/plugins/wp-social-sharing/static/socialshare.js?ver=1.3,1
8.37.224.251,95,https://paytm.com:443/offer/wp-content/plugins/wc-gallery/includes/css/magnific-popup.css?ver=0.9.9,1
103.27.8.43,17,https://paytm.com:443/offer/wp-content/uploads/2015/07/qas.jpg,1
103.27.8.43,19,https://paytm.com:443/shop/p/packnbuy-red-shoe-travel-bag-BAGPACKNBUY-REDPACK6308937905200,1
106.67.44.90,20,https://paytm.com:443/shop/cart?channel=web&version=2,1
106.79.22.126,20,https://paytm.com:443/offer/wp-content/plugins/wp-social-sharing/static/socialshare.css?ver=1.3,1
111.93.129.174,22,https://paytm.com:443/papi/v1/promosearch/product/17508230/offers?parent_id=11997205&price=958&channel=web&version=2,1
112.196.155.129,23,https://paytm.com:443/,1
115.99.198.88,24,https://paytm.com:443/shop/log,2
116.202.36.73,26,https://paytm.com:443/shop/summary/1117907956,1
117.203.166.139,27,https://paytm.com:443/shop/cart?channel=web&version=2,1
117.203.213.223,27,https://paytm.com:443/offer/wp-content/plugins/contact-form-7/includes/css/styles.css?ver=4.0.3,1
117.212.21.247,27,https://paytm.com:443/offer/wp-content/uploads/2014/12/jquery.sliderPro.min_.js,1
122.15.62.253,30,https://paytm.com:443/papi/nps/merchantrating?merchant_id=20344&channel=web&version=2,2
122.173.131.209,33,https://paytm.com:443/?utm_source=affiliates&utm_medium=grabon&utm_campaign=grabon,1
14.139.109.214,45,https://paytm.com:443/offer/wp-content/themes/twentytwelve/js/navigation.js?ver=20140318,1
2.50.162.134,67,https://paytm.com:443/shop/login?isIframe=true&theme=mp-web,1
202.65.136.6,70,https://paytm.com:443/offer/wp-includes/js/jquery/jquery.masonry.min.js?ver=3.1.2,1
223.188.97.127,70,https://paytm.com:443/shop/cart,2
49.201.201.225,73,https://paytm.com:443/papi/v1/promosearch/product/7946066/offers?parent_id=null,1
103.11.80.54,7,https://paytm.com:443/brands/wp-content/uploads/sites/4/2015/05/kindle_logo1.png,1
103.243.113.40,9,https://paytm.com:443/shop/authresponse?code=10bda4fa-447a-470c-a589-c7ae62857bb6&state=null,1
103.5.132.2,15,https://paytm.com:443/shop/authresponse?code=186d32ea-de4b-4591-8b4d-639e0969bf16&state=null,1
113.193.114.38,28,https://paytm.com:443/papi/v1/promosearch/product/16476166/offers?parent_id=16476775,1
117.197.143.232,34,https://paytm.com:443/undefined,2
117.201.47.176,34,https://paytm.com:443/shop/wallet/txnhistory?page_size=10&page_number=0&channel=web&version=2,1
117.253.216.82,35,https://paytm.com:443/shop?utm_source=affiliates&utm_medium=icubeswire&utm_campaign=icubeswire&utm_term=10480,1
118.102.236.246,35,https://paytm.com:443/shop/orderdetail/1116241863?actions=1&channel=web&version=2,2
122.176.140.185,38,https://paytm.com:443/shop/p/lifestyle-combo-voucher-GIFLIFESTYLE-COHOUS31288E3A12597,1
122.178.233.63,38,https://paytm.com:443/,1
122.180.243.192,39,https://paytm.com:443/offer/wp-content/plugins/owl-carousel/css/owl.transitions.css?ver=4.2.2,1
150.107.180.107,47,https://paytm.com:443/shop/p/bagsy-malone-blue-handbag-BAGBAGSY-MALONEMELA20328392B4B31,1
182.69.136.160,53,https://paytm.com:443/shop/v1/frequentorders?channel=web&version=2,2
182.70.104.96,54,https://paytm.com:443/papi/v1/promosearch/product/9128347/offers?parent_id=16355677&price=1529&channel=web&version=2,1
182.74.246.110,54,https://paytm.com:443/papi/nps/merchantrating?merchant_id=29004&channel=web&version=2,1
183.83.239.250,60,https://paytm.com:443/papi/nps/merchantverification,1
203.200.180.154,64,https://paytm.com:443/offer/wp-content/themes/twentytwelve/style.css?ver=4.2.2,1
27.251.197.196,69,https://paytm.com:443/,2
49.205.86.168,74,https://paytm.com:443/offer/wp-includes/js/jquery/ui/resizable.min.js?ver=1.11.4,1
59.92.250.94,78,https://paytm.com:443/papi/nps/merchantrating?merchant_id=20040&channel=web&version=2,3
64.233.172.246,79,https://paytm.com:443/favicon.ico,1
70.39.187.178,81,https://paytm.com:443/offer/wp-content/plugins/wp-awesome-faq/images/ui-bg_glass_75_e6e6e6_1x400.png,1
70.39.187.178,81,https://paytm.com:443/offer/wp-content/plugins/contact-form-7/includes/css/styles.css?ver=4.0.3,1
8.37.224.58,84,https://paytm.com:443/offer/wp-content/plugins/wp-thumbnail-slider/css/wpt-slide.css?ver=4.2.2,1
8.37.224.58,84,https://paytm.com:443/offer/wp-content/plugins/really-simple-facebook-twitter-share-buttons/style.css?ver=4.2.2,1
106.216.171.158,9,https://paytm.com:443/offer/wp-includes/js/jquery/ui/dialog.min.js?ver=1.11.4,1
106.77.216.119,10,https://paytm.com:443/offer/wp-content/plugins/images-thumbnail-sliderv1/js/jc.js?ver=4.2.2,1
107.167.108.203,11,https://paytm.com:443/contactus?src=emails,1
115.241.56.74,23,https://paytm.com:443/favicon.ico,1
115.245.23.195,23,https://paytm.com:443/shop/v1/frequentorders?channel=web&version=2,1
117.192.206.92,27,https://paytm.com:443/shop,1
117.197.120.175,28,https://paytm.com:443/cart,1
117.233.2.224,30,https://paytm.com:443/shop/p/fastrack-silver-and-blue-contemporary-analog-watch-MWTCHS001474SM01RPGRFR_29043,2
121.243.26.254,35,https://paytm.com:443/shop/wallet/txnhistory?page_size=10&page_number=0&channel=web&version=2,1
122.15.11.155,42,https://paytm.com:443/papi/rr/products/11364548/statistics?channel=web&version=2,1
122.15.11.155,42,https://paytm.com:443/papi/v1/promosearch/product/1457509/offers?parent_id=1464871&price=299&channel=web&version=2,2
188.40.94.195,67,https://paytm.com:443/papi/rr/products/12696047/statistics,1
188.40.94.195,68,https://paytm.com:443/papi/v1/promosearch/product/9351845/offers?parent_id=9351930&price=3999,1
27.97.249.196,95,https://paytm.com:443/shop/v1/frequentorders,1
59.91.101.155,98,https://paytm.com:443/bus-tickets,1
111.119.224.4,22,https://paytm.com:443/papi/v1/promosearch/product/10765408/offers?parent_id=9650995&price=349&channel=web&version=2,1
115.250.27.224,35,https://paytm.com:443/offer/wp-includes/js/jquery/ui/widget.min.js?ver=1.11.4,1
117.216.60.39,36,https://paytm.com:443/offer/wp-includes/js/comment-reply.min.js?ver=4.2.2,1
117.228.124.185,36,https://paytm.com:443/offer/wp-content/plugins/wonderplugin-carousel/engine/wonderplugincarouselskins.js?ver=3.8,1
117.228.124.185,36,https://paytm.com:443/offer/wp-content/plugins/easy-logo-slider/css/jcarouselresponsive.css?ver=4.2.2,1
122.167.250.217,40,https://paytm.com:443/offer/wp-content/plugins/owl-carousel/js/script.js?ver=4.2.2,1
122.170.36.252,40,https://paytm.com:443/offer/wp-content/plugins/wonderplugin-carousel/engine/wonderplugincarousel.js?ver=3.8,1
122.176.98.85,40,https://paytm.com:443/vodafone-prepaid-mobile-online-recharge.htm,1
123.201.174.243,40,https://paytm.com:443/,1
182.70.168.79,48,https://paytm.com:443/offer/wp-content/plugins/wp-thumbnail-slider/css/wpt-slide.css?ver=4.2.2,1
182.70.168.79,48,https://paytm.com:443/offer/wp-content/uploads/2015/07/470X220_books.jpg,1
183.82.61.237,53,https://paytm.com:443/papi/rr/products/9816003/statistics?channel=web&version=2,1
183.82.75.133,53,https://paytm.com:443/papi/nps/merchantrating?merchant_id=21795&channel=web&version=2,2
202.164.34.164,56,https://paytm.com:443/offer/wp-content/uploads/2015/01/bootstrap.min_.css,1
1.39.35.242,6,https://paytm.com:443/favicon.ico,1
103.240.76.188,14,https://paytm.com:443/shop/g/men/bags-luggage/men-s-bag-store/c1/bags-and-luggage-bags-flat-50-off,1
106.51.66.200,18,https://paytm.com:443/papi/nps/merchantrating?merchant_id=20954&channel=web&version=2,1
107.167.108.189,20,https://paytm.com:443/offer/wp-content/uploads/2015/05/fabfurnish.jpg,1
107.167.109.7,27,https://paytm.com:443/summary/1117863960,1
115.99.97.180,31,https://paytm.com:443/shop/cart?channel=web&version=2,1
117.197.221.20,34,https://paytm.com:443/shop?utm_source=Affiliates&utm_medium=VCOMM&utm_campaign=VCOMM&utm_term=32058,1
117.197.236.60,34,https://paytm.com:443/shop/orderhistory?pagesize=10&channel=web&version=2,4
117.248.8.2,40,https://paytm.com:443/offer/wp-content/plugins/wp-social-sharing/static/socialshare.css?ver=1.3,1
120.138.116.107,43,https://paytm.com:443/papi/v1/promosearch/product/13056622/offers?parent_id=2304257&price=58555&channel=web&version=2,1
122.174.34.56,46,https://paytm.com:443/papi/rr/products/2704977/statistics?channel=web&version=2,1
122.175.202.101,47,https://paytm.com:443/shop/v1/frequentorders?channel=web&version=2,1
123.201.32.61,48,https://paytm.com:443/offer/wp-content/plugins/owl-carousel/css/owl.carousel.css?ver=4.2.2,1
14.139.155.243,53,https://paytm.com:443/shop/g/electronics/pendrives-hard-disks-memory-cards/external-hard-disks?sort_popular=1&gclid=CKq54-PF7sYCFU5vvAod-3cNtw,1
183.87.133.226,81,https://paytm.com:443/offer/wp-content/themes/twentytwelve/js/navigation.js?ver=20140318,1
195.12.0.14,81,https://paytm.com:443/offer/wp-includes/js/jquery/ui/mouse.min.js?ver=1.11.4,1
223.196.219.35,85,https://paytm.com:443/shop/cart?channel=web&version=2,2
27.107.187.144,85,https://paytm.com:443/offer/wp-content/plugins/owl-carousel/css/styles.css?ver=4.2.2,1
45.114.62.13,87,https://paytm.com:443/papi/nps/merchantrating?merchant_id=32387&channel=web&version=2,1
59.97.216.31,97,https://paytm.com:443/papi/nps/merchantrating?merchant_id=39063&channel=web&version=2,1
101.220.20.26,3,https://paytm.com:443/shop/app/user-preferences?sso_token=30e8bf5a-875f-44a6-aac7-bb1451291473&deviceIdentifier=Micromax-MicromaxA107-911417452572054&client=androidapp&version=4.3.2&token=cf5cab85-69bd-4b77-89ea-f8ad860c4837,1
101.60.155.56,3,https://paytm.com:443/offer/wp-content/uploads/2015/07/470X220_books.jpg,1
101.62.254.159,3,"https://paytm.com:443/shop/g/sports-and-health/sexual-wellness?sort_popular=1&price=75,499&webview=1&client=androidapp&version=4.4.3",1
101.63.175.183,3,https://paytm.com:443/offer/wp-content/plugins/easy-logo-slider/css/jcarouselresponsive.css?ver=4.2.2,1
101.63.175.183,3,https://paytm.com:443/offer/wp-content/uploads/2015/07/julqw.jpg,1
103.44.138.2,7,https://paytm.com:443/papi/nps/merchantrating?merchant_id=41020&channel=web&version=2,1
106.221.129.167,9,https://paytm.com:443/offer/wp-content/plugins/owl-carousel/css/owl.carousel.css?ver=4.2.2,1
115.97.66.42,23,https://paytm.com:443/shop/summary/1117919402,1
117.205.114.29,26,https://paytm.com:443/papi/v1/promosearch/product/9360071/offers?parent_id=11997207&price=1549&channel=web&version=2,1
117.209.188.81,26,https://paytm.com:443/shop/p/puma-blue-and-yellow-casual-shoes-size-7-FOOPUMA-BLUE-ANS-RE21341E81EF051,1
117.238.232.189,26,https://paytm.com:443/papi/v1/expresscart/verify,2
117.242.50.53,28,https://paytm.com:443/papi/v1/promosearch/product/8153723/offers?parent_id=0&price=699&channel=web&version=2,1
117.247.218.125,29,https://paytm.com:443/shop/cart?channel=web&version=2,1
117.248.144.113,31,https://paytm.com:443/shop/cart?channel=web&version=2,1
122.160.137.23,35,https://paytm.com:443/shop/p/d-d-brown-wallet-ACCD-D-BROWN-WADOUB3921913EC111F?utm_source=Affiliates&utm_medium=msp&utm_campaign=msp,1
182.69.176.159,59,https://paytm.com:443/,1
184.75.210.90,61,http://paytm.com:80/,1
210.212.162.140,67,https://paytm.com:443/shop/authresponse?code=1ab8d6e1-4adf-4022-9ae4-847970403cd7,1
219.64.163.20,71,https://paytm.com:443/shop/action,3
223.176.177.190,71,https://paytm.com:443/brands/wp-content/uploads/sites/4/2015/04/ari_bestseller.jpg,1
49.205.174.170,77,https://paytm.com:443/shop/login?isIframe=true&theme=mp-web,1
49.207.162.22,77,https://paytm.com:443/shop/authresponse?code=bf564acf-c7dd-4abc-862b-09d4777ad9fd&state=null,1
59.89.24.120,79,https://paytm.com:443/offer/wp-content/plugins/wp-social-sharing/static/socialshare.js?ver=1.3,1
61.95.156.16,79,https://paytm.com:443/offer/wp-content/plugins/wp-social-sharing/static/socialshare.css?ver=1.3,1
61.95.156.16,79,https://paytm.com:443/offer/wp-content/plugins/owl-carousel/css/owl.carousel.css?ver=4.2.2,1
66.102.6.187,82,https://paytm.com:443/papi/v1/promosearch/product/8335262/offers?parent_id=8335263,1
1.39.10.240,1,https://paytm.com:443/shop/authresponse?code=69146edf-aea8-4788-9a7a-4fb6ce6b9172,1
106.206.133.253,9,https://paytm.com:443/papi/rr/products/25115/statistics?channel=web&version=2,1
106.206.146.80,9,https://paytm.com:443/shop/cart?channel=web&version=2,1
106.218.42.165,9,https://paytm.com:443/shop/h/men,1
110.224.237.23,19,https://paytm.com:443/shop/logout?channel=web&version=2,1
110.224.237.23,19,https://paytm.com:443/shop,1
112.79.35.136,19,https://paytm.com:443/offer/wp-content/uploads/2014/12/examples.css,1
116.202.179.150,29,https://paytm.com:443/offer/wp-content/plugins/easy-logo-slider/js/jquery.jcarousel.min.js?ver=4.2.2,1
116.202.36.132,29,https://paytm.com:443/shop/logout?channel=web&version=2,1
117.199.27.154,29,https://paytm.com:443/papi/v1/promosearch/product/4361473/offers?parent_id=4361509&price=3249&channel=web&version=2,1
117.206.163.102,30,https://paytm.com:443/shop/cart,2
122.168.177.73,40,https://paytm.com:443/offer/wp-includes/js/jquery/ui/button.min.js?ver=1.11.4,1
122.177.93.40,41,https://paytm.com:443/papi/rr/products/5174748/statistics?channel=web&version=2,1
139.4.14.138,45,https://paytm.com:443/shop/wallet/balance?channel=web&version=2,1
182.58.44.142,57,https://paytm.com:443/papi/v1/promosearch/product/7564918/offers?parent_id=7565091&price=977&channel=web&version=2,1
182.69.7.187,57,https://paytm.com:443/shop/orderdetail/1115777386?channel=web&version=2,1
194.237.142.10,59,https://paytm.com:443/shop/cart?channel=web&version=2,1
49.14.43.232,68,https://paytm.com:443/offer/wp-content/plugins/owl-carousel/css/owl.transitions.css?ver=4.2.2,1
49.248.202.217,68,https://paytm.com:443/shop/h/electronics?utm_source=Affiliates&utm_medium=VCOMM&utm_campaign=VCOMM-generic&utm_term=24890,1
54.169.164.205,68,https://paytm.com:443/shop/p/htc-desire-820-white-MOBHTC-DESIRE-8SPEE593785C4C1187,1
54.169.164.205,68,https://paytm.com:443/shop/p/micromax-bolt-d321-4-gb-white-MOBMICROMAX-BOLICE-390906409B8F0,1
54.169.164.205,68,https://paytm.com:443/shop/p/micromax-canvas-xpressa99-8-gb-silver-MOBMICROMAX-CANDUMM1415AB11496_28042,1
54.169.164.205,68,https://paytm.com:443/shop/p/samsung-bhm1100nbeginu-bluetooth-headset-COMSAMSUNG-BHM1SB-L58170D68955D4,1
54.169.164.205,68,https://paytm.com:443/shop/p/htc-desire-816g-white-HTC_816G_8GB_WHITE_21550,1
54.169.164.205,70,https://paytm.com:443/shop/p/nokia-lumia-630-dual-sim-black-NOKIA_630_8GB_BLACK_22649,1
54.169.164.205,70,https://paytm.com:443/shop/p/panasonic-t31-white-cmplxpanasonic_t31_4gb_white,1
54.169.164.205,70,https://paytm.com:443/shop/p/intex-aqua-r3-black-MOBINTEX-AQUA-RDUMM141CD381D1_41160,1
54.169.164.205,70,https://paytm.com:443/shop/p/iball-21-0mp-58-21mbps-3g-data-card-CMPLXIBALL_210MP-58_NULL_NULL_20291,1
54.169.164.205,70,https://paytm.com:443/shop/p/iball-andi-4h-tiger-plus-white-MOBIBALL-ANDI-4SRT-5149342A63970,1
54.169.164.205,70,https://paytm.com:443/shop/p/apple-mjve2hn-a-macbook-air-core-i5-4-gb-128-gb-ssd-13-3-inch-os-x-yosemite-silver-LAPAPPLE-MJVE2HDUMM2025648FB4829_44471,1
54.169.164.205,70,https://paytm.com:443/shop/p/hp-15-r248tu-l2z65pa-notebook-pentium-quad-core-4th-gen-2-gb-ddr2-500-gb-15-6-inches-windows-8-1-sparkling-black-CMPLXLAPHP-15-R248TUZ-NE33826BE49E9B8,1
54.169.164.205,70,https://paytm.com:443/shop/p/sony-mdr-ex15lp-wired-headphones-CMPLXSONY_MDREX15LP_NULL_BLACK,2
54.169.164.205,70,https://paytm.com:443/shop/p/philips-shl3000wt-on-the-ear-headphones-white-PHILIPS_SHL3000WT00_NULL_WHITE_272,1
54.169.164.205,70,https://paytm.com:443/shop/p/karbonn-android-one-sparkle-v-white-KARBONN_SPARKLEV_4GB_WHITE_20663,2
54.169.164.205,70,https://paytm.com:443/shop/p/nokia-lumia-530-dual-sim-green-NOKIA_LUMIA530_4GB_BRIGHTGREEN_20213,1
54.169.164.205,70,https://paytm.com:443/shop/p/samsung-galaxy-core-2-sm-g355h-white-MOBSAMSUNG-GALADUMM14178AA4AEA_47236,1
54.169.164.205,70,https://paytm.com:443/shop/p/lenovo-g50-70-59-422418-core-i3-4th-gen-4gb-1-tb-2gb-graphics-15-6-dos-silver-LENEVO_G507059-422418_4GBDDR3_SILVER_26350,1
54.169.164.205,70,https://paytm.com:443/shop/p/sony-cyber-shot-dsc-w830-point-shoot-camera-black-SONY_DSCW830_NULL_BLACK_26678,1
54.169.164.205,71,https://paytm.com:443/shop/p/micromax-canvas-turbo-mini-a200-white-Micromax_CanvasTurboMiniA200_4GB_White_23789,1
54.169.164.205,71,https://paytm.com:443/shop/p/gionee-pioneer-p6-grey-MOBGIONEE-PIONENEW-418379EC619C8,1
54.169.164.205,71,https://paytm.com:443/shop/p/ambrane-p-1000-star-power-bank-10400-mah-with-samsung-cells-MOBAMBRANE-P-10ALL-557959F7A6BF,1
54.169.164.205,71,https://paytm.com:443/shop/p/karbonn-alfa-a104-black-MOBKARBONN-ALFADUMM1419DABD2FB_33804,1
54.169.164.205,71,https://paytm.com:443/shop/p/micromax-rockstar-c192-black-MICROMAX_C192_OTHERS_BLACK_36656,1
54.169.164.205,71,https://paytm.com:443/shop/p/lava-iris-fuel-60-black-MOBLAVA-IRIS-FULAVA3631787410CB9,1
54.169.164.205,72,https://paytm.com:443/shop/p/nokia-bh-110u-wireless-headset-white-NOKIA_BH-110U_NULL_WHITE_20979,1
54.169.164.205,72,https://paytm.com:443/shop/p/nokia-225-yellow-NOKIA_225_NULL_YELLOW_20213,1
59.98.16.102,73,https://paytm.com:443/shop/cart,1
1.39.62.56,4,https://paytm.com:443/,1
101.212.67.3,4,https://paytm.com:443/api/user/favourite?channel=web&version=2,1
101.222.236.211,4,https://paytm.com:443/papi/nps/merchantrating?merchant_id=22502&channel=web&version=2,1
101.222.236.211,4,https://paytm.com:443/papi/v1/promosearch/product/3525970/offers?parent_id=3526454&price=349&channel=web&version=2,1
103.16.28.144,5,https://paytm.com:443/offer/wp-content/uploads/2015/07/bb.png,1
103.245.196.101,7,https://paytm.com:443/offer/wp-content/plugins/wc-gallery/includes/js/owlcarousel/assets/owl.carousel.min.css?ver=2.0.0,1
103.25.1.59,8,https://paytm.com:443/shop/wallet/filteredUsertxnHistory,1
103.31.214.166,10,https://paytm.com:443/papi/rr/products/8721284/statistics?channel=web&version=2,1
106.66.79.79,11,https://paytm.com:443/papi/v1/promosearch/product/9302637/offers?parent_id=null,1
106.76.156.188,11,https://paytm.com:443/offer/wp-content/plugins/wp-social-sharing/static/socialshare.css?ver=1.3,1
113.19.213.167,14,https://paytm.com:443/shop/wallet/balance?channel=web&version=2,2
117.201.144.118,21,https://paytm.com:443/shop/h/electronics?utm_source=Affiliates&utm_medium=VCOMM&utm_campaign=VCOMM-generic&utm_term=24890,1
117.229.10.84,22,https://paytm.com:443/offer/wp-includes/js/jquery/ui/button.min.js?ver=1.11.4,1
119.160.199.91,22,https://paytm.com:443/shop/ad/paytmAd?cat=Mobile&op=BSNL&paytm=new,1
122.162.222.44,28,https://paytm.com:443/shop/g/stationery/pens/pens-store/row,1
168.235.197.224,45,https://paytm.com:443/summary/1117830589,1
202.142.114.184,57,https://paytm.com:443/shop/v1/frequentorders?channel=web&version=2,1
203.199.218.30,63,https://paytm.com:443/shop/cart?channel=web&version=2,2
203.99.205.106,66,https://paytm.com:443/papi/v1/promosearch/product/7342918/offers?parent_id=15406713&price=239&channel=web&version=2,1
27.106.17.134,72,https://paytm.com:443/shop/cart?channel=web&version=2,1
37.228.105.43,76,https://paytm.com:443/settings,2
45.116.68.178,79,https://paytm.com:443/offer/wp-content/plugins/wp-image-slider-with-lightbox/js/slider-plus-lightbox-js.js?ver=4.2.2,1
59.180.128.246,81,https://paytm.com:443/papi/rr/products/8193470/statistics?channel=web&version=2,1
59.91.214.18,81,https://paytm.com:443/shop/orderhistory?pagesize=10&channel=web&version=2,2
61.14.175.114,83,https://paytm.com:443/offer/wp-content/plugins/wp-image-slider-with-lightbox/css/jquery.lbox.css?ver=4.2.2,1
70.171.36.235,86,https://paytm.com:443/shop/login?isIframe=true&theme=mp-web,1
8.37.225.200,87,https://paytm.com:443/offer/wp-content/plugins/wp-awesome-faq/images/ui-bg_flat_0_aaaaaa_40x100.png,8
101.63.83.57,5,https://paytm.com:443/shop/cart?channel=web&version=2,1
106.206.148.125,7,https://paytm.com:443/offer/wp-content/plugins/contact-form-7/includes/css/styles.css?ver=4.0.3,1
106.206.148.125,7,https://paytm.com:443/offer/wp-content/plugins/wc-gallery/includes/css/magnific-popup.css?ver=0.9.9,1
106.79.19.113,10,https://paytm.com:443/offer/wp-content/plugins/contact-form-7/includes/js/jquery.form.min.js?ver=3.51.0-2014.06.20,1
112.79.37.58,18,https://paytm.com:443/shop/app/user-preferences?sso_token=422848a8-d4ea-423d-9efe-93703d782693&deviceIdentifier=Sony-C2104-356605050551031&deviceManufacturer=Sony&deviceName=C2104&client=androidapp&version=4.4.1&token=95a2153a-5804-4820-8095-bb792a44fc8f,1
117.240.235.130,30,https://paytm.com:443/shop/cart,1
122.171.102.20,35,https://paytm.com:443/shop/orderdetail/1116585463?channel=web&version=2,1
152.72.151.71,46,https://paytm.com:443/offer/wp-content/uploads/2015/07/bb.png,1
168.235.197.212,46,https://paytm.com:443/offer/wp-content/plugins/wp-responsive-slider-with-lightbox/css/images-responsive-thumbnail-slider-plus-lighbox-style.css?ver=4.2.2,1
175.100.149.228,52,https://paytm.com:443/shop/cart?channel=web&version=2,1
202.53.82.133,57,https://paytm.com:443/papi/nps/merchantverification,1
213.239.204.204,65,https://paytm.com:443/papi/rr/products/7068578/statistics,1
223.165.28.230,67,https://paytm.com:443/shop/orderhistory?pagesize=10&channel=web&version=2,2
37.228.104.148,70,https://paytm.com:443/offer/mysmartprice/?utm_source=affiliate&utm_medium=promocodeclub&utm_campaign=promocodeclub-generic&utm_term=pcc10=30,1
37.228.104.148,70,https://paytm.com:443/offer/wp-content/uploads/2015/01/bootstrap.min_.css,1
49.14.142.34,73,https://paytm.com:443/offer/wp-content/uploads/2015/05/uber.jpg,1
59.145.191.42,73,https://paytm.com:443/papi/v1/expresscart/verify,1
59.145.191.42,73,https://paytm.com:443/shop/logout?channel=web&version=2,1
106.215.169.161,14,https://paytm.com:443/shop/orderdetail/1117860458?channel=web&version=2,1
107.167.108.219,17,https://paytm.com:443/settings,1
111.92.99.34,21,https://paytm.com:443/shop/g/electronics/the-electronic-store/upto-rs-1000-off-on-external-hard-disk-drive?gclid=CPSKxKKl78YCFdh5vQodcqkOUA,1
111.93.246.82,21,https://paytm.com:443/shop/authresponse?code=e70d9d88-9e7c-4fb1-936d-ce306fe4a466&state=null,1
115.112.79.102,22,https://paytm.com:443/shop/v1/frequentorders?channel=web&version=2,1
116.202.219.0,24,https://paytm.com:443/shop/cart?channel=web&version=2,3
120.60.137.159,24,https://paytm.com:443/shop/h/electronics/computers-accessories,1
124.125.26.74,27,https://paytm.com:443/offer/wp-content/plugins/wp-responsive-slider-with-lightbox/css/images-responsive-thumbnail-slider-plus-lighbox-style.css?ver=4.2.2,1
14.139.121.18,28,https://paytm.com:443/api/oauth2/user/clients?channel=web&version=2,2
167.184.214.6,36,https://paytm.com:443/offer/wp-content/plugins/image-slider-responsive/css/flexslider.css?ver=4.2.2,1
180.151.18.95,39,https://paytm.com:443/offer/wp-content/uploads/2015/07/meruwer_1.jpg,1
182.69.247.42,40,https://paytm.com:443/papi/v1/promosearch/product/10229457/offers?parent_id=4359399&price=28590&channel=web&version=2,1
27.54.173.164,60,https://paytm.com:443/shop/wallet/txnhistory?page_size=10&page_number=0&channel=web&version=2,1
45.116.197.82,64,http://www.paytm.com:80/,1
49.213.34.170,68,https://paytm.com:443/offer/wp-content/uploads/2015/07/470x220_19july.jpg,1
49.248.141.138,68,https://paytm.com:443/papi/v1/expresscart/verify,1
59.177.203.36,72,https://paytm.com:443/offer/wp-includes/js/jquery/ui/mouse.min.js?ver=1.11.4,1
59.182.10.132,72,https://paytm.com:443/shop/p/vox-pk-82-24000-mah-power-bank-with-display-gold-MOBVOX-PK-82-24ALPH2659A979EBE?utm_source=affiliates&utm_medium=buyhatke&utm_campaign=buyhatke-generic,1
8.37.224.114,75,https://paytm.com:443/offer/wp-content/plugins/wonderplugin-carousel/engine/wonderplugincarousel.js?ver=3.8,1
8.37.224.114,75,https://paytm.com:443/offer/wp-content/plugins/wp-awesome-faq/images/ui-bg_glass_75_dadada_1x400.png,1
8.37.224.114,75,https://paytm.com:443/offer/wp-content/plugins/wp-awesome-faq/images/ui-bg_glass_75_e6e6e6_1x400.png,1
1.23.96.89,0,https://paytm.com:443/offer/wp-content/plugins/wonderplugin-carousel/engine/wonderplugincarouselskins.js?ver=3.8,1
106.66.116.146,9,https://paytm.com:443/scripts/web/services/paytmService.js,1
107.167.107.201,11,https://paytm.com:443/dth,1
115.114.97.66,21,https://paytm.com:443/shop/cart?channel=web&version=2,1
115.248.225.133,23,https://paytm.com:443/papi/rr/products/13442699/statistics?channel=web&version=2,1
115.248.225.133,23,https://paytm.com:443/shop/cart?channel=web&version=2,4
115.97.33.222,27,https://paytm.com:443/offer/wp-content/plugins/wc-gallery/includes/css/style.css?ver=1.26,1
115.97.33.222,27,https://paytm.com:443/shop?utm_source=affiliate&utm_medium=promocodeclub&utm_campaign=promocodeclub-generic&utm_term=pccptm,1
117.194.232.104,27,https://paytm.com:443/offer/wp-content/uploads/2015/01/bootstrap.min_.css,1
117.217.193.35,28,https://paytm.com:443/shop/cart?channel=web&version=2,1
118.102.241.172,28,https://paytm.com:443/,1
122.161.113.239,28,https://paytm.com:443/offer/wp-content/uploads/2015/07/bedlinen.jpg,1
122.162.129.23,28,https://paytm.com:443/,1
175.101.14.236,42,https://paytm.com:443/offer/wp-content/plugins/owl-carousel/css/styles.css?ver=4.2.2,1
183.83.220.90,46,https://paytm.com:443/papi/nps/merchantrating?merchant_id=22539&channel=web&version=2,1
199.190.46.117,48,https://paytm.com:443/?utm_source=ucweb&utm_medium=Affiliate&utm_campaign=web,1
202.62.69.186,49,https://paytm.com:443/favicon.ico,1
202.62.86.70,49,https://paytm.com:443/shop/orderdetail/1117921089?channel=web&version=2,1
203.215.51.245,50,https://paytm.com:443/shop/wallet/txnhistory?page_size=10&page_number=0&channel=web&version=2,1
203.215.51.245,50,https://paytm.com:443/shop/summary/1116636740,1
203.215.51.245,51,https://paytm.com:443/api/v1/expresscart/checkout?wallet=1,1
208.88.136.10,51,https://paytm.com:443/offer/wp-content/uploads/2014/12/examples.css,1
210.89.37.73,51,https://paytm.com:443/,2
49.204.245.147,60,https://paytm.com:443/shop/cart,1
49.213.52.230,60,https://paytm.com:443/offer/wp-content/plugins/wc-gallery/includes/css/style.css?ver=1.26,1
70.39.185.127,65,https://paytm.com:443/offer/wp-includes/js/masonry.min.js?ver=3.1.2,1
70.39.185.127,65,https://paytm.com:443/offer/wp-content/plugins/wc-gallery/includes/css/style.css?ver=1.26,1
106.206.133.20,7,https://paytm.com:443/papi/nps/merchantrating?merchant_id=52153&channel=web&version=2,1
106.219.42.51,8,https://paytm.com:443/offer/wp-content/uploads/2015/06/GET50_17june.jpg,1
106.221.141.181,8,https://paytm.com:443/papi/v1/promosearch/product/14095725/offers?parent_id=252008,1
107.167.107.202,10,https://paytm.com:443/summary/1116230246,1
115.118.5.146,16,https://paytm.com:443/papi/v1/promosearch/product/4979134/offers?parent_id=0&price=239&channel=web&version=2,1
117.201.211.118,18,https://paytm.com:443/papi/nps/merchantverification,3
117.214.30.250,19,https://paytm.com:443/papi/v1/promosearch/product/16613959/offers?parent_id=6691519,1
122.162.24.14,28,https://paytm.com:443/blog/wp-includes/js/jquery/jquery.js?ver=1.11.2,1
122.169.152.195,29,https://paytm.com:443/offer/wp-content/themes/twentytwelve/js/navigation.js?ver=20140318,1
123.201.83.8,31,https://paytm.com:443/shop/cart?channel=web&version=2,1
125.16.35.50,35,https://paytm.com:443/papi/nps/merchantrating?merchant_id=265&channel=web&version=2,2
202.63.115.242,52,https://paytm.com:443/offer/wp-content/uploads/2015/07/pesoal.jpg,1
49.14.62.1,63,https://paytm.com:443/favicon.ico,1
49.14.62.1,63,https://paytm.com:443/shop/login?isIframe=true&theme=mp-html5,1
59.91.69.69,65,https://paytm.com:443/shop/orderdetail/1117917783?channel=web&version=2,4
66.249.71.63,71,http://paytm.com:80/shop/p/dr-morepen-bp04i-blood-pressure-monitor-HEADR-MOREPEN-BDUMM316943D289310_23081,1
101.212.65.126,12,https://paytm.com:443/shop/cart?channel=web&version=2,2
103.25.170.15,15,https://paytm.com:443/offer/wp-content/plugins/contact-form-7/includes/js/scripts.js?ver=4.0.3,1
103.25.170.15,15,https://paytm.com:443/offer/wp-content/uploads/2015/07/travel4.gif,1
116.202.38.79,35,https://paytm.com:443/shop/p/touchstone-golden-metal-mangalsutra-with-earings-JEWTOUCHSTONE-GTOUC27626A441C6AA,1
117.215.49.84,35,https://paytm.com:443/shop/authresponse?code=6a336336-27bc-4a5f-8b55-3f62a28b00d8,1
121.241.48.5,41,https://paytm.com:443/shop/cart?channel=web&version=2,8
14.141.41.82,51,https://paytm.com:443/offer/wp-includes/js/jquery/ui/core.min.js?ver=1.11.4,1
163.47.143.66,54,https://paytm.com:443/offer/wp-content/plugins/wp-awesome-faq/accordion.js?ver=1,1
175.100.146.140,66,https://paytm.com:443/favicon.ico,1
182.70.190.243,71,https://paytm.com:443/shop/p/yepme-white-polyester-tracksuit-size-m-APPYEPME-WHITE-YEPM200883F5F00C4?utm_source=affiliates&utm_medium=buyhatke&utm_campaign=buyhatke-generic,1
27.59.184.68,87,https://paytm.com:443/brands/kindle/?webview=1&client=androidapp&version=4.4.3,2
49.206.132.150,88,https://paytm.com:443/shop/p/dell-vostro-15-3546-laptop-4th-gen-intel-core-i3-4gb-ram-500gb-hdd-15-6-inches-ubuntu-grey-DELL_X510317IN9_4GB_GREY_46582,1
66.102.6.246,94,https://paytm.com:443/shop/g/electronics/home-entertainment/televisions,1
106.220.3.114,11,https://paytm.com:443/offer/wp-content/uploads/2015/06/smart_1.jpg,1
106.220.62.137,11,https://paytm.com:443/favicon.ico,1
106.51.42.105,11,https://paytm.com:443/scripts/web/busTicketPromotionCtrl.js,1
107.167.103.109,11,https://paytm.com:443/offer/wp-content/themes/twentytwelve/style.css?ver=4.2.2,1
107.167.107.62,11,https://paytm.com:443/,3
112.133.229.96,14,https://paytm.com:443/shop?utm_source=affiliates&utm_medium=icubeswire&utm_campaign=icubeswire&utm_term=10480,1
117.195.238.107,20,https://paytm.com:443/shop/v1/frequentorders?channel=web&version=2,1
117.204.161.235,21,https://paytm.com:443/scripts/paytmAd.js,6
122.168.197.88,26,https://paytm.com:443/shop/orderhistory?pagesize=10&channel=web&version=2,1
123.201.99.166,31,https://paytm.com:443/shop/cart,1
167.9.1.11,38,https://paytm.com:443/offer/wp-content/plugins/really-simple-facebook-twitter-share-buttons/images/specificfeeds_follow.png,1
171.161.56.16,49,https://paytm.com:443/offer/wp-content/uploads/2015/07/offer-page_21july.jpg,1
182.48.197.13,60,https://paytm.com:443/api/user/favourite?channel=web&version=2,1
182.70.174.37,61,https://paytm.com:443/shop/cart?channel=web&version=2,3
202.189.253.63,67,https://paytm.com:443/offer/wp-content/plugins/wp-awesome-faq/jquery-ui.css?ver=4.2.2,1
203.217.145.35,72,https://paytm.com:443/shop/p/ubon-high-speed-micro-usb-data-cable-+-free-one-storage-container-black-CMPLXUBON_ETUBON33_NULL_BLACK,1
61.3.125.248,85,"https://paytm.com:443/shop/g/women/clothes-western/tops-tunics?sleeve=3%2F4th%20sleeves,3%7C4th%20Sleeves,3%2F4th%20Sleeves&sort_popular=1",1
1.39.60.48,11,https://paytm.com:443/shop/summary/1118043695,1
106.51.134.3,16,https://paytm.com:443/shop/p/funskool-kitchen-set-KIDFUNSKOOL-KITTODD5829360390DF7,1
117.218.33.82,27,https://paytm.com:443/offer/wp-includes/js/jquery/ui/widget.min.js?ver=1.11.4,1
117.218.33.82,27,https://paytm.com:443/offer/wp-content/plugins/wp-awesome-faq/accordion.js?ver=1,1
122.163.227.246,28,https://paytm.com:443/shop,1
122.168.210.182,28,https://paytm.com:443/offer/wp-content/plugins/wc-gallery/includes/js/owlcarousel/assets/owl.theme.default.css?ver=2.0.0,1
122.168.210.182,28,https://paytm.com:443/offer/wp-content/uploads/2015/07/eoss_620x443.jpg,1
122.177.92.248,28,https://paytm.com:443/papi/nps/merchantrating?merchant_id=62995&channel=web&version=2,2
125.16.138.142,29,https://paytm.com:443/offer/wp-includes/js/jquery/ui/mouse.min.js?ver=1.11.4,1
125.16.138.142,29,https://paytm.com:443/offer/wp-content/uploads/2015/07/eoss_620x443.jpg,1
125.16.138.142,29,https://paytm.com:443/offer/wp-content/plugins/owl-carousel/js/owl.carousel.js?ver=4.2.2,1
136.8.2.69,34,https://paytm.com:443/shop/labels?vertical_id=23&item_status=25&channel=web&details=1&version=2,1
136.8.2.69,35,https://paytm.com:443/offer/wp-content/plugins/wp-thumbnail-slider/css/wpt-slide.css?ver=4.2.2,1
14.140.235.226,37,https://paytm.com:443/offer/wp-content/plugins/owl-carousel/css/owl.carousel.css?ver=4.2.2,1
14.140.235.226,37,https://paytm.com:443/offer/wp-content/plugins/owl-carousel/js/owl.carousel.js?ver=4.2.2,1
168.235.196.217,39,https://paytm.com:443/offer/wp-content/plugins/wonderplugin-carousel/engine/wonderplugincarouselskins.js?ver=3.8,1
168.235.196.217,39,https://paytm.com:443/offer/wp-content/plugins/wp-awesome-faq/images/ui-bg_glass_75_dadada_1x400.png,1
182.68.116.29,42,https://paytm.com:443/shop/v1/frequentorders?channel=web&version=2,3
182.68.15.152,42,https://paytm.com:443/papi/v1/promosearch/product/5258122/offers?parent_id=12143785&price=1290&channel=web&version=2,1
183.83.49.196,48,https://paytm.com:443/shop/p/aris-mart-gold-heels-size-36-FOOARIS-MART-GOTHE-20278DABB24FB,1
27.59.221.49,56,https://paytm.com:443/,1
27.97.186.13,56,https://paytm.com:443/offer/wp-content/plugins/wp-awesome-faq/accordion.js?ver=1,1
46.4.19.5,61,https://paytm.com:443/papi/rr/products/8224846/statistics,1
49.15.133.15,62,https://paytm.com:443/papi/v1/expresscart/verify,1
49.15.40.249,62,https://paytm.com:443/shop/wallet/balance?channel=web&version=2,1
59.88.68.84,64,https://paytm.com:443/papi/v1/promosearch/product/9360891/offers?parent_id=9360984&price=559&channel=web&version=2,1
60.243.210.214,64,https://paytm.com:443/api/v1/expresscart/checkout?wallet=1,1
85.92.203.234,72,https://paytm.com:443/shop/h/men,1
101.58.7.53,11,https://paytm.com:443/shop/orderhistory?pagesize=10,12
103.5.16.90,13,https://paytm.com:443/,2
103.51.74.101,14,https://paytm.com:443/scripts/common/config/ConstantsConfig.js,1
106.206.145.105,16,https://paytm.com:443/myorders/1117859227,1
107.167.109.148,19,https://paytm.com:443/offer/wp-content/plugins/images-thumbnail-sliderv1/js/jc.js?ver=4.2.2,1
112.79.35.157,22,https://paytm.com:443/offer/wp-includes/js/masonry.min.js?ver=3.1.2,1
115.248.233.203,25,https://paytm.com:443/offer/wp-includes/js/jquery/ui/widget.min.js?ver=1.11.4,1
119.82.97.50,32,https://paytm.com:443/offer/wp-content/plugins/owl-carousel/css/owl.carousel.css?ver=4.2.2,1
120.56.195.83,32,https://paytm.com:443/papi/nps/merchantrating?merchant_id=136&channel=web&version=2,1
14.141.91.65,50,https://paytm.com:443/shop/v1/frequentorders?channel=web&version=2,1
14.141.91.65,52,https://paytm.com:443/offer/wp-content/uploads/2015/07/shopping1.gif,1
14.141.91.65,52,https://paytm.com:443/offer/wp-content/uploads/2015/07/logo15.gif,1
14.141.91.65,52,https://paytm.com:443/offer/wp-content/uploads/2015/07/logo20.gif,1
14.96.136.108,52,https://paytm.com:443/papi/nps/merchantrating?merchant_id=25918&channel=web&version=2,2
14.96.97.46,52,https://paytm.com:443/papi/rr/products/8141936/statistics?channel=web&version=2,1
175.100.149.25,57,http://paytm.com:80/sellers/wp-content/uploads/sites/2/2015/07/Econoic-times_new-article.jpg,1
175.101.16.161,60,https://paytm.com:443/offer/wp-includes/js/jquery/ui/resizable.min.js?ver=1.11.4,1
182.71.86.234,63,https://paytm.com:443/shop/p/wildhorn-black-wallet-ACCWILDHORN-BLAROYS202225B9DB6CA?utm_source=Affiliates&utm_medium=Payoom&utm_campaign=Payoom,2
210.168.237.209,83,https://paytm.com:443/offer/wp-content/plugins/owl-carousel/css/owl.theme.css?ver=4.2.2,1
59.183.41.47,90,https://paytm.com:443/shop/p/mayur-exports-stainless-steel-masher-HOMMAYUR-EXPORTMAYU6208222A881D4,1
61.0.66.201,90,https://paytm.com:443/papi/v1/promosearch/product/13432958/offers?parent_id=6043880&price=1495&channel=web&version=2,1
86.98.65.144,94,https://paytm.com:443/offer/wp-content/uploads/2014/12/jquery.sliderPro.min_.js,1
1.39.96.176,4,https://paytm.com:443/offer/wp-content/themes/twentytwelve/style.css?ver=4.2.2,1
101.62.217.244,7,https://paytm.com:443/papi/rr/products/11101060/statistics?channel=web&version=2,1
103.251.217.254,9,https://paytm.com:443/offer/wp-content/plugins/owl-carousel/css/owl.transitions.css?ver=4.2.2,1
111.118.251.114,20,https://paytm.com:443/shop/wallet/balance?channel=web&version=2,1
114.143.74.136,21,https://paytm.com:443/shop/p/adidas-dark-grey-sport-shoes-size-7-FOOADIDAS-DARK-GALA48178AA7AD705,1
14.139.208.84,37,https://paytm.com:443/papi/v1/promosearch/product/16613763/offers?parent_id=9739883&price=524&channel=web&version=2,3
14.139.208.84,37,https://paytm.com:443/papi/rr/products/6276665/statistics?channel=web&version=2,1
14.96.128.229,42,https://paytm.com:443/shop/log,1
14.98.209.7,42,https://paytm.com:443/,1
141.113.3.13,42,https://paytm.com:443/shop,3
59.91.97.110,69,https://paytm.com:443/papi/v1/promosearch/product/11390218/offers?parent_id=0&price=150&channel=web&version=2,1
70.39.187.194,74,https://paytm.com:443/checkout,2
1.39.13.117,1,https://paytm.com:443/offer/wp-content/plugins/wp-responsive-slider-with-lightbox/images/vl-box/controls.png,1
103.232.129.174,12,https://paytm.com:443/offer/wp-content/plugins/image-slider-responsive/js/jquery.flexslider-min.js?ver=4.2.2,1
106.208.161.15,15,https://paytm.com:443/shop,1
106.51.79.222,18,https://paytm.com:443/offer/wp-content/plugins/wp-awesome-faq/jquery-ui.css?ver=4.2.2,1
115.249.229.109,26,https://paytm.com:443/papi/nps/merchantrating?merchant_id=21259&channel=web&version=2,1
117.195.161.45,28,https://paytm.com:443/papi/nps/merchantrating?merchant_id=20960&channel=web&version=2,1
117.207.29.24,29,https://paytm.com:443/blog/wp-content/plugins/jetpack/_inc/genericons/genericons/genericons.css?ver=3.1,1
117.212.229.237,29,https://paytm.com:443/papi/v1/expresscart/verify,4
120.58.205.144,33,https://paytm.com:443/favicon.ico,1
121.244.129.146,42,https://paytm.com:443/shop/logout?channel=web&version=2,1
122.179.63.197,44,https://paytm.com:443/offer/wp-content/uploads/2014/12/jquery.sliderPro.min_.js,1
14.98.123.69,48,https://paytm.com:443/shop/p/nike-blue-synthetic-sport-shoes-size-7-FOONIKE-BLUE-SYR-H-22152E1F22311,1
182.67.3.153,55,https://paytm.com:443/offer/wp-includes/js/jquery/ui/draggable.min.js?ver=1.11.4,1
203.122.4.5,67,https://paytm.com:443/offer/wp-content/plugins/contact-form-7/includes/css/styles.css?ver=4.0.3,1
210.212.29.187,70,https://paytm.com:443/offer/wp-content/plugins/wp-responsive-slider-with-lightbox/js/l-box-js.js?ver=4.2.2,2
223.176.171.211,74,https://paytm.com:443/shop/orderdetail/1117916135?channel=web&version=2,1
43.227.23.129,76,https://paytm.com:443/papi/v1/promosearch/product/15410069/offers?parent_id=12705058&price=500&channel=web&version=2,1
59.178.53.109,79,https://paytm.com:443/shop/cart?channel=web&version=2,1
59.89.245.238,81,https://paytm.com:443/offer/wp-content/uploads/2015/07/bb.png,1
103.22.237.210,7,https://paytm.com:443/shop/v1/frequentorders,1
106.220.132.247,9,https://paytm.com:443/offer/wp-content/uploads/2015/07/julqw.jpg,1
108.171.159.41,24,https://paytm.com:443/papi/v1/promosearch/product/2111799/offers?parent_id=1887928&price=150&channel=web&version=2,1
117.205.218.134,29,https://paytm.com:443/online-reliance-netconnect-plus-recharge.htm,1
120.57.155.193,38,https://paytm.com:443/shop/orderdetail/1116587632?channel=web&version=2,1
122.172.199.169,38,https://paytm.com:443/offer/wp-content/plugins/really-simple-facebook-twitter-share-buttons/images/facebook-share.png,1
125.63.90.34,47,https://paytm.com:443/offer/wp-content/plugins/contact-form-7/includes/js/jquery.form.min.js?ver=3.51.0-2014.06.20,1
136.8.2.68,48,https://paytm.com:443/shop/cart?channel=web&version=2,4
136.8.2.68,50,https://paytm.com:443/shop/p/true-fashion-brown-cargo-shorts-size-34-MSHORTSACARBBB10SPBR34,1
168.235.196.27,62,https://paytm.com:443/offer/wp-content/plugins/contact-form-7/includes/css/styles.css?ver=4.0.3,2
168.235.197.119,66,https://paytm.com:443/offer/wp-content/plugins/wp-awesome-faq/images/ui-icons_2e83ff_256x240.png,1
182.66.52.146,68,https://paytm.com:443/shop?utm_source=Affiliates&utm_medium=Payoom&utm_campaign=Payoom,2
182.72.110.138,68,https://paytm.com:443/shop/authresponse?code=5f48f824-5d72-488f-90db-57b5036af9bf,1
223.183.48.70,75,https://paytm.com:443/shop/v1/frequentorders,1
27.7.220.159,76,https://paytm.com:443/offer/wp-content/uploads/2014/12/slider-pro.min_.css,1
37.228.106.206,76,https://paytm.com:443/checkout,2
103.12.133.182,6,https://paytm.com:443/shop/cart?channel=web&version=2,1
107.167.109.136,21,https://paytm.com:443/styles/app.css,1
115.252.224.177,32,https://paytm.com:443/shop/v1/frequentorders?channel=web&version=2,1
116.75.19.27,38,https://paytm.com:443/offer/wp-content/uploads/2015/07/main_sports_health_14jul.jpg,1
131.116.254.198,49,https://paytm.com:443/shop/cart?channel=web&version=2,1
202.177.159.51,63,https://paytm.com:443/papi/nps/merchantrating?merchant_id=51291&channel=web&version=2,1
37.228.107.23,69,https://paytm.com:443/offer/wp-content/plugins/wp-awesome-faq/accordion.js?ver=1,1
37.228.107.23,69,https://paytm.com:443/offer/wp-includes/js/jquery/ui/mouse.min.js?ver=1.11.4,1
49.206.17.74,72,https://paytm.com:443/offer/wp-content/plugins/wp-awesome-faq/jquery-ui.css?ver=4.2.2,1
103.255.224.118,14,https://paytm.com:443/shop/p/orpat-hhb-100e-wob-250-w-hand-blender-white-HOMORPAT-HHB-10AGGA693413B2BD564,1
106.216.144.242,17,https://paytm.com:443/offer/wp-includes/js/jquery/ui/position.min.js?ver=1.11.4,1
106.51.72.196,17,https://paytm.com:443/shop/log,1
111.119.206.2,22,https://paytm.com:443/,1
117.192.114.118,29,https://paytm.com:443/offer/wp-content/plugins/easy-logo-slider/js/jquery.jcarousel.min.js?ver=4.2.2,1
117.196.95.172,29,https://paytm.com:443/offer/wp-content/uploads/2015/07/bargain.jpg,1
117.218.40.114,29,https://paytm.com:443/shop/authresponse?code=c176b65a-0ab4-4aba-a02c-8ff09e6a0deb&state=null,1
117.222.23.26,29,https://paytm.com:443/offer/wp-content/plugins/image-slider-responsive/css/flexslider.css?ver=4.2.2,1
118.102.255.50,32,https://paytm.com:443/offer/wp-content/plugins/easy-logo-slider/js/jquery.jcarousel.min.js?ver=4.2.2,2
118.102.255.50,32,https://paytm.com:443/offer/wp-content/uploads/2015/07/pesoal.jpg,1
122.161.64.201,35,https://paytm.com:443/offer/wp-includes/js/jquery/ui/draggable.min.js?ver=1.11.4,1
122.161.64.201,35,https://paytm.com:443/offer/wp-content/uploads/2015/07/ledq.jpg,1
122.162.107.147,36,https://paytm.com:443/bses-rajdhani-bill-payment,1
122.168.157.34,39,https://paytm.com:443/shop/wallet/balance?channel=web&version=2,2
122.174.114.176,39,https://paytm.com:443/opensearch.xml,1
122.179.107.121,40,https://paytm.com:443/papi/rr/products/10096055/statistics?channel=web&version=2,1
144.36.129.104,45,https://paytm.com:443/offer/wp-content/plugins/wonderplugin-carousel/engine/wonderplugincarousel.js?ver=3.8,1
182.19.48.70,53,https://paytm.com:443/favicon.ico,1
20.139.66.64,56,https://paytm.com:443/shop/wallet/balance?channel=web&version=2,1
27.97.177.49,78,https://paytm.com:443/brands/wp-content/plugins/wonderplugin-carousel/engine/wonderplugincarousel.js?ver=3.8,1
37.228.106.48,80,https://paytm.com:443/offer/wp-content/plugins/easy-logo-slider/js/jcarousel.responsive.js?ver=4.2.2,1
45.115.18.239,80,https://paytm.com:443/shop/p/nu9-red-polyester-short-CMPLXAPPNU9-RED-POLYSPAW20003E772ABBC,2
45.64.190.15,81,https://paytm.com:443/papi/v1/expresscart/verify,1
61.246.208.234,83,https://paytm.com:443/api/rr/products/16342071,1
8.37.225.74,86,https://paytm.com:443/datacard,1
106.51.234.186,11,https://paytm.com:443/shop/g/men/footwear/men-s-footwear-store/sparx-i-premium-i-woodland-shoes/sports-shoes-top-brands-flat-60-cashback,1
115.250.113.14,36,https://paytm.com:443/papi/v1/promosearch/product/13063363/offers?parent_id=13064127&price=2076&channel=web&version=2,1
117.206.183.220,38,https://paytm.com:443/shop/logout?channel=web&version=2,1
117.221.65.138,44,https://paytm.com:443/shop/cart?channel=web&version=2,2
122.162.18.217,44,https://paytm.com:443/offer/wp-content/uploads/2015/07/offer-page_21july.jpg,1
122.162.18.217,44,https://paytm.com:443/offer/wp-content/plugins/wp-thumbnail-slider/js/wpt-js.js?ver=4.2.2,1
122.167.149.77,44,https://paytm.com:443/api/v1/expresscart/checkout?wallet=1,1
125.99.71.66,61,https://paytm.com:443/papi/rr/products/13320330/statistics?channel=web&version=2,1
14.96.94.14,64,https://paytm.com:443/shop/cart?channel=web&version=2,1
175.101.68.96,79,https://paytm.com:443/shop/cart,3
182.156.74.42,86,https://paytm.com:443/shop/login?isIframe=true&theme=mp-web,1
202.55.10.106,100,http://paytm.com:80/,3
49.207.175.4,112,https://paytm.com:443/papi/nps/merchantrating?merchant_id=45519&channel=web&version=2,1
59.178.42.176,114,https://paytm.com:443/offer/wp-content/plugins/wp-thumbnail-slider/css/wpt-slide.css?ver=4.2.2,1
103.11.118.181,11,https://paytm.com:443/papi/rr/products/8361110/statistics?channel=web&version=2,1
103.253.210.82,14,https://paytm.com:443/papi/rr/products/16018602/statistics?channel=web&version=2,1
106.218.107.51,16,https://paytm.com:443/shop,1
106.219.21.28,16,https://paytm.com:443/offer/wp-includes/js/jquery/jquery.masonry.min.js?ver=3.1.2,1
112.79.39.242,24,https://paytm.com:443/shop/login?isIframe=true&theme=mp-web,1
117.213.224.15,27,https://paytm.com:443/offer/wp-includes/js/jquery/ui/accordion.min.js?ver=1.11.4,1
117.217.71.50,27,https://paytm.com:443/,1
117.221.185.222,28,https://paytm.com:443/papi/nps/merchantrating?merchant_id=21944&channel=web&version=2,1
117.229.211.67,29,https://paytm.com:443/api/v1/expresscart/checkout?wallet=1,1
121.244.64.229,31,https://paytm.com:443/shop/p/the-pari-silver-necklace-set-JEWTHE-PARI-SILTHE-20245C75B2032,1
122.163.222.114,32,https://paytm.com:443/offer/wp-includes/js/jquery/ui/core.min.js?ver=1.11.4,1
122.171.124.219,32,https://paytm.com:443/shop/cart?channel=web&version=2,2
123.237.170.140,37,https://paytm.com:443/,2
14.102.116.154,38,https://paytm.com:443/offer/wp-content/plugins/wp-responsive-slider-with-lightbox/images/vl-box/controls.png,1
14.140.149.65,42,https://paytm.com:443/offer/wp-content/uploads/2014/12/examples.css,1
14.97.15.191,46,https://paytm.com:443/dth?utm_source=affiliates&utm_medium=grabon&utm_campaign=grabon,1
155.57.155.200,46,https://paytm.com:443/shop/v1/frequentorders?channel=web&version=2,1
160.83.96.83,47,https://paytm.com:443/shop/cart?channel=web&version=2,1
168.235.198.162,50,http://www.paytm.com:80/,2
180.215.136.204,55,https://paytm.com:443/shop/cart?channel=web&version=2,2
182.66.19.168,55,https://paytm.com:443/shop,1
203.223.190.145,65,https://paytm.com:443/papi/rr/products/4327449/statistics?channel=web&version=2,1
37.228.107.146,69,https://paytm.com:443/offer/wp-content/plugins/wp-responsive-slider-with-lightbox/css/images-responsive-thumbnail-slider-plus-lighbox-style.css?ver=4.2.2,1
103.19.150.221,7,https://paytm.com:443/offer/wp-content/uploads/2014/12/examples.css,1
103.251.17.188,8,https://paytm.com:443/papi/v1/promosearch/product/16655649/offers?parent_id=15574960&price=649&channel=web&version=2,1
111.91.55.189,13,https://paytm.com:443/papi/nps/merchantrating?merchant_id=63246&channel=web&version=2,1
111.93.11.54,13,https://paytm.com:443/papi/nps/merchantrating?merchant_id=255&channel=web&version=2,2
112.79.35.228,13,https://paytm.com:443/shop/summary/1115387026,1
113.193.195.88,17,https://paytm.com:443/shop/authresponse?code=e791e173-e6ba-4883-b44a-e14d3ff67edf,1
115.245.146.72,18,https://paytm.com:443/api/user/favourite?channel=web&version=2,1
115.245.36.109,18,https://paytm.com:443/shop/cart?channel=web&version=2,1
116.202.160.105,19,https://paytm.com:443/papi/rr/products/17030251/statistics?channel=web&version=2,1
117.241.162.171,19,https://paytm.com:443/,1
141.0.10.99,35,https://paytm.com:443/offer/wp-content/plugins/easy-logo-slider/js/jquery.jcarousel.min.js?ver=4.2.2,1
155.136.80.174,36,https://paytm.com:443/offer/wp-content/plugins/really-simple-facebook-twitter-share-buttons/style.css?ver=4.2.2,1
180.151.40.170,49,https://paytm.com:443/shop/ad/paytmAd?cat=DTH&op=&paytm=new,2
182.70.161.138,51,https://paytm.com:443/shop/g/electronics/the-electronic-store/ces-offer-on-pen-drives?sort_price=0&utm_source=affiliates&utm_medium=dgm&utm_campaign=dgm-generic&utm_term=50176,1
220.227.165.115,66,https://paytm.com:443/shop/v1/frequentorders?channel=web&version=2,6
220.227.165.115,67,https://paytm.com:443/offer/wp-content/uploads/2015/06/RCH10_17june.jpg,1
37.228.105.212,72,https://paytm.com:443/settings,3
59.90.181.40,76,https://paytm.com:443/papi/nps/merchantverification,3
66.102.6.254,76,https://paytm.com:443/offer/wp-content/plugins/wp-responsive-slider-with-lightbox/images/vl-box/controls.png,1
1.38.22.79,1,https://paytm.com:443/api/v1/expresscart/checkout?wallet=1&withdraw=1,2
101.57.4.35,4,https://paytm.com:443/offer/wp-content/plugins/image-slider-responsive/js/jquery.flexslider-min.js?ver=4.2.2,1
106.194.49.141,7,https://paytm.com:443/offer/wp-content/plugins/wp-thumbnail-slider/css/wpt-slide.css?ver=4.2.2,1
106.206.151.29,7,https://paytm.com:443/offer/wp-content/plugins/wonderplugin-carousel/engine/wonderplugincarousel.js?ver=3.8,1
106.206.151.29,7,https://paytm.com:443/offer/wp-content/plugins/wp-social-sharing/static/socialshare.js?ver=1.3,1
107.167.108.187,10,https://paytm.com:443/offer/wp-includes/js/jquery/ui/accordion.min.js?ver=1.11.4,1
107.167.108.187,11,https://paytm.com:443/offer/wp-content/plugins/wc-gallery/includes/css/style.css?ver=1.26,1
107.167.108.187,11,https://paytm.com:443/offer/wp-content/plugins/image-slider-responsive/css/flexslider.css?ver=4.2.2,1
117.203.150.98,16,https://paytm.com:443/papi/nps/merchantrating?merchant_id=21010&channel=web&version=2,1
120.61.221.16,18,https://paytm.com:443/images/greyStar.png,1
122.164.40.28,22,https://paytm.com:443/papi/v1/promosearch/product/11381255/offers?parent_id=9060277&price=200&channel=web&version=2,1
123.201.146.212,24,https://paytm.com:443/offer/wp-content/plugins/wonderplugin-carousel/engine/wonderplugincarousel.js?ver=3.8,1
128.185.105.23,24,https://paytm.com:443/shop/login?isIframe=true&theme=mp-html5,1
14.139.181.229,31,https://paytm.com:443/offer/wp-content/plugins/contact-form-7/includes/js/jquery.form.min.js?ver=3.51.0-2014.06.20,1
14.139.181.229,31,https://paytm.com:443/offer/wp-content/uploads/2015/07/ggg.jpg,1
182.69.48.36,43,https://paytm.com:443/offer/wp-content/uploads/2015/07/logo39.gif,1
182.71.215.54,43,https://paytm.com:443/api/user/favourite?channel=web&version=2,1
202.157.85.106,47,https://paytm.com:443/offer/wp-content/uploads/2015/07/offer-page_20jul.jpg,1
203.192.212.203,51,https://paytm.com:443/shop/cart?channel=web&version=2,1
219.64.71.240,52,https://paytm.com:443/shop/summary/1116232794,1
27.4.209.56,56,https://paytm.com:443/terms,1
27.4.209.56,56,https://paytm.com:443/offer/wp-content/plugins/easy-logo-slider/css/style-admin.css?ver=4.2.2,1
27.97.166.248,56,https://paytm.com:443/papi/v1/promosearch/product/4322394/offers?parent_id=0&price=4889&channel=web&version=2,1
37.228.104.220,56,https://paytm.com:443/offer/wp-content/plugins/wonderplugin-carousel/engine/wonderplugincarousel.js?ver=3.8,1
37.228.104.220,56,https://paytm.com:443/offer/wp-includes/js/jquery/ui/accordion.min.js?ver=1.11.4,1
43.225.171.45,57,https://paytm.com:443/papi/v1/promosearch/product/198142/offers?parent_id=199517&price=639&channel=web&version=2,1
59.96.236.155,61,https://paytm.com:443/shop/cart?channel=web&version=2,1
61.3.59.95,61,https://paytm.com:443/shop/wallet/txnhistory?page_size=10&page_number=0&channel=web&version=2,3
67.20.184.84,63,https://paytm.com:443/offer/wp-content/uploads/2015/07/kitch11.jpg,1
67.20.184.84,64,https://paytm.com:443/offer/wp-content/uploads/2015/05/healer_img_app.gif,1
67.20.184.84,64,https://paytm.com:443/offer/wp-includes/js/jquery/ui/mouse.min.js?ver=1.11.4,1
101.212.66.124,9,https://paytm.com:443/offer/wp-content/plugins/wc-gallery/includes/css/style.css?ver=1.26,1
101.63.77.228,9,https://paytm.com:443/papi/rr/products/12272034/statistics?channel=web&version=2,1
103.41.147.180,15,https://paytm.com:443/shop/cart?channel=web&version=2,1
106.215.141.223,16,https://paytm.com:443/numberdetails?number=77259&type=mobile,1
106.51.93.31,16,https://paytm.com:443/shop/nps-feedback?utm_source=order&utm_medium=email&utm_campaign=nps&orderid=1084115510&category=npsFeedback-marketplace&response=0,1
107.167.108.59,24,https://paytm.com:443/blog/wp-admin/admin-ajax.php,6
112.133.229.98,31,https://paytm.com:443/shop/g/brand-store/bags-store/bags-storefront/c1/bags-extra-60-cashback,1
117.195.0.126,37,https://paytm.com:443/papi/rr/products/10060194/statistics?channel=web&version=2,1
117.204.221.109,40,https://paytm.com:443/papi/v1/promosearch/product/14504400/offers?parent_id=14504401&price=554&channel=web&version=2,1
117.214.49.223,40,https://paytm.com:443/,2
117.235.16.246,40,https://paytm.com:443/offer/wp-includes/js/jquery/ui/position.min.js?ver=1.11.4,1
121.241.218.131,47,https://paytm.com:443/offer/wp-includes/js/jquery/ui/accordion.min.js?ver=1.11.4,1
122.164.184.136,48,https://paytm.com:443/offer/wp-content/plugins/wonderplugin-carousel/engine/wonderplugincarouselskins.js?ver=3.8,1
123.252.130.23,50,https://paytm.com:443/shop/cart?channel=web&version=2,2
14.139.122.130,52,https://paytm.com:443/papi/rr/products/16350646/statistics?channel=web&version=2,1
14.139.160.237,55,https://paytm.com:443/shop/p/gritstones-purple-cotton-t-shirt-size-l-APPGRITSTONES-PGRIT204328248EAD,2
14.139.160.5,57,https://paytm.com:443/shop/p/sony-nh-aa-b2fn-rechargeable-ni-mh-battery-CMPLXSONY_NHAAB2FN_NIMH_BLACK,1
14.140.80.228,63,https://paytm.com:443/shop/cart?channel=web&version=2,3
14.140.80.228,67,https://paytm.com:443/shop/cart,1
183.83.23.226,75,https://paytm.com:443/offer/wp-content/uploads/2015/07/ggg.jpg,1
202.142.67.104,75,https://paytm.com:443/api/v1/expresscart/checkout?wallet=1,1
203.123.46.2,80,https://paytm.com:443/,1
203.13.168.45,82,https://paytm.com:443/shop/p/gritstones-maroon-and-black-cotton-t-shirt-size-l-APPGRITSTONES-MGRIT204322DF0DDDC,1
207.14.2.80,82,https://shop.paytm.com:443/images/icon/foodgrey.png,1
49.14.30.63,95,https://paytm.com:443/papi/v1/expresscart/verify,2
49.206.52.120,97,https://paytm.com:443/shop/g/electronics/mobile-accessories/mobiles-accessories-store/price-never-before-tablets?gclid=CM3kt5LI7sYCFdglvQodnAoAvA,1
54.169.136.105,97,https://paytm.com:443/shop/p/lg-g-flex-d958-titan-silver-LG_GFlexD958_32GB_TitanSilver_31205,1
54.169.136.105,98,https://paytm.com:443/shop/p/hp-15-r249tu-notebook-l2z88pa-ci3-4th-gen-4-gb-ram-1-tb-hdd-15-6-inch-free-dos-black-LAPHP-15-R249TUTECH26300573D5379,1
54.169.136.105,99,https://paytm.com:443/shop/p/sony-dsc-w810-point-shoot-20-1-megapixels-pink-SONY_DSC-W810_NULL_PINK_23958,1
54.169.136.105,99,https://paytm.com:443/shop/p/micromax-x070-black-MOBMICROMAX-X07SCPL5042677F51FC,1
54.169.136.105,99,https://paytm.com:443/shop/p/xolo-prime-8-gb-blue-MOBXOLO-PRIME-8TKM-21649FBC55F07,1
54.169.136.105,99,https://paytm.com:443/shop/p/oppo-neo-3-r831k-white-OPPO_R831K_1GB_WHITE_45126,1
54.169.136.105,100,https://paytm.com:443/shop/p/samsung-galaxy-alpha-sm-g850yzdeinu-frosted-gold-SAMSUNG_SMG850YZDEINU_32GB_GOLD_27276,1
54.169.136.105,100,https://paytm.com:443/shop/p/nokia-220-white-NOKIA_220_512MB_WHITE_42312,1
54.169.136.105,100,https://paytm.com:443/shop/p/micromax-x249-black-MICROMAX_X249_32MB_BLACK_23789,1
54.169.136.105,100,https://paytm.com:443/shop/p/samsung-galaxy-star-pro-s7262-midnight-black-Samsung_GalaxyStarProS7262_4GB_MidnightBlack_23507,1
54.169.136.105,100,https://paytm.com:443/shop/p/hp-x705w-16gb-pen-drive-hp_hpx705w_16gb_black_132,1
54.169.136.105,100,https://paytm.com:443/shop/p/tp-link-td-w8961nd-300mbps-adsl2-wireless-with-modemrouter-TP-LINK_NADSL2MODEMROUTER_NULL_NULL_42375,1
59.89.74.131,101,https://paytm.com:443/shop/login?isIframe=true&theme=mp-web,1
1.186.76.11,1,https://paytm.com:443/shop/orderdetail/1118077182?channel=web&version=2,1
1.22.121.254,1,https://paytm.com:443/,1
1.39.62.60,4,https://paytm.com:443/shop/paytmcashConfirmation,1
101.212.70.255,7,https://paytm.com:443/shop/cart?channel=web&version=2,3
103.12.133.81,8,https://paytm.com:443/papi/v1/promosearch/product/16292204/offers?parent_id=16295487&price=1469&channel=web&version=2,1
103.38.246.176,14,https://paytm.com:443/offer/wp-content/uploads/2015/06/GET50_17june.jpg,1
111.93.50.75,24,https://paytm.com:443/papi/nps/merchantrating?merchant_id=76087&channel=web&version=2,1
116.50.78.195,29,https://paytm.com:443/shop/log,2
116.50.78.195,29,https://paytm.com:443/offer/wp-content/plugins/image-slider-responsive/css/flexslider.css?ver=4.2.2,1
117.211.185.82,31,https://paytm.com:443/shop/p/fastrack-silver-analog-watch-WATFASTRACK-SILRVR-26500CA37BB60,1
117.216.143.108,31,https://paytm.com:443/offer/wp-content/plugins/images-thumbnail-sliderv1/js/jc.js?ver=4.2.2,1
120.63.86.171,32,https://paytm.com:443/offer/wp-content/uploads/2014/12/slider-pro.min_.css,1
122.164.205.232,32,https://paytm.com:443/papi/nps/merchantrating?merchant_id=55631&channel=web&version=2,1
122.170.39.173,33,https://paytm.com:443/papi/rr/products/16617502/statistics?channel=web&version=2,1
122.174.200.137,33,https://paytm.com:443/api/user/favourite?channel=web&version=2,1
168.235.197.199,49,https://paytm.com:443/offer/wp-includes/js/jquery/jquery.masonry.min.js?ver=3.1.2,1
180.151.211.194,52,https://paytm.com:443/papi/rr/products/12713605/statistics?channel=web&version=2,1
202.153.41.197,58,https://paytm.com:443/papi/v1/promosearch/product/12276796/offers?parent_id=12281136&price=839&channel=web&version=2,1
203.143.177.250,62,https://paytm.com:443/api/oauth2/user/clients?channel=web&version=2,1
27.59.4.215,67,https://paytm.com:443/images/greyStar.png,1
59.160.36.250,79,https://paytm.com:443/shop/wallet/balance?channel=web&version=2,1
59.182.149.228,80,https://paytm.com:443/papi/nps/merchantrating?merchant_id=50996&channel=web&version=2,1
65.49.14.154,81,https://paytm.com:443/papi/v1/promosearch/product/9681106/offers?parent_id=9681161&price=399&channel=web&version=2,1
1.22.247.150,0,https://paytm.com:443/papi/nps/merchantrating?merchant_id=233&channel=web&version=2,2
117.252.91.196,29,https://paytm.com:443/shop/v1/frequentorders?channel=web&version=2,2
122.164.143.51,36,https://paytm.com:443/shop/wallet/txnhistory?page_size=10&page_number=0&channel=web&version=2,1
122.164.143.51,37,https://paytm.com:443/papi/rr/products/3830973/statistics?channel=web&version=2,1
122.171.22.173,39,https://paytm.com:443/shop/wallet/getP2BModelWindowDetails,1
183.82.3.131,55,https://paytm.com:443/shop/summary/1116227938,1
203.199.146.123,58,https://paytm.com:443/,2
203.199.146.123,59,https://paytm.com:443/,1
223.176.30.253,59,https://paytm.com:443/offer/wp-content/plugins/image-slider-responsive/js/jquery.flexslider-min.js?ver=4.2.2,1
223.189.25.245,59,https://paytm.com:443/offer/wp-content/plugins/owl-carousel/css/owl.transitions.css?ver=4.2.2,2
46.4.28.81,67,https://paytm.com:443/papi/rr/products/13344607/statistics,1
46.4.28.81,68,https://paytm.com:443/papi/rr/products/13831671/statistics,1
66.220.156.113,76,https://paytm.com:443/shop/search/?q=duvet+cover&brand=17458,1
91.64.230.223,85,https://paytm.com:443/favicon.ico,1
1.23.191.117,0,https://paytm.com:443/papi/nps/merchantrating?merchant_id=23206&channel=web&version=2,1
1.39.61.157,4,https://paytm.com:443/shop/cart,2
101.0.48.166,8,https://paytm.com:443/api/v1/expresscart/checkout?wallet=1,2
101.60.176.162,10,https://paytm.com:443/offer/wp-content/plugins/wp-awesome-faq/jquery-ui.css?ver=4.2.2,1
116.202.179.50,25,https://paytm.com:443/shop/wallet/balance?channel=web&version=2,1
117.214.66.105,28,https://paytm.com:443/offer/wp-content/plugins/wp-responsive-slider-with-lightbox/js/l-box-js.js?ver=4.2.2,1
117.214.66.105,28,https://paytm.com:443/offer/wp-content/plugins/wp-responsive-slider-with-lightbox/css/l-box-css.css?ver=4.2.2,1
117.229.195.179,29,https://paytm.com:443/offer/wp-content/uploads/2015/07/autom.jpg,1
122.164.45.26,34,https://paytm.com:443/papi/rr/products/10630946/statistics?channel=web&version=2,1
122.168.67.116,37,https://paytm.com:443/shop/v1/frequentorders?channel=web&version=2,1
123.201.237.80,38,https://paytm.com:443/papi/nps/merchantrating?merchant_id=27123&channel=web&version=2,2
14.97.235.178,52,https://paytm.com:443/papi/rr/products/14218299/statistics?channel=web&version=2,1
167.220.236.43,56,https://paytm.com:443/shop/p/speedwav-car-dashboard-carpet-style-grey-maruti-alto-k10-AUTSPEEDWAV-CARJAZZ25251A6FF3F72,1
182.69.133.188,59,https://paytm.com:443/favicon.ico,1
182.72.224.130,60,https://paytm.com:443/papi/nps/merchantrating?merchant_id=55916&channel=web&version=2,1
182.74.21.5,65,https://www.paytm.com:443/,1
216.150.189.2,71,https://paytm.com:443/papi/v1/promosearch/product/16613410/offers?parent_id=16613411&price=738&channel=web&version=2,1
59.89.1.245,85,https://paytm.com:443/blog/wp-admin/admin-ajax.php,1
61.246.234.114,88,https://paytm.com:443/papi/v1/promosearch/product/7950518/offers?parent_id=7950841&price=1099&channel=web&version=2,2
61.246.234.114,88,https://paytm.com:443/papi/v1/promosearch/product/16917205/offers?parent_id=16918386&price=269&channel=web&version=2,1
1.38.22.177,0,https://paytm.com:443/styles/app.css,1
103.251.59.24,5,https://paytm.com:443/shop/login?isIframe=true&theme=mp-web,1
104.131.42.135,5,https://paytm.com:443/shop/login?isIframe=true&theme=mp-web,1
107.167.113.117,9,https://paytm.com:443/blog/wp-content/plugins/akismet/_inc/form.js?ver=3.1.1,1
111.119.233.59,10,https://paytm.com:443/favicon.ico,1
117.211.61.58,21,https://paytm.com:443/papi/v1/promosearch/product/16367895/offers?parent_id=0&price=1199&channel=web&version=2,1
122.175.14.204,34,https://paytm.com:443/offer/wp-content/plugins/wp-thumbnail-slider/css/wpt-slide.css?ver=4.2.2,1
122.177.91.174,34,https://paytm.com:443/papi/v1/promosearch/product/2526225/offers?parent_id=14387739&price=1074&channel=web&version=2,1
123.136.180.5,34,https://paytm.com:443/offer/wp-includes/js/jquery/ui/draggable.min.js?ver=1.11.4,1
168.235.200.90,45,https://paytm.com:443/offer/wp-content/plugins/image-slider-responsive/css/flexslider.css?ver=4.2.2,2
168.235.200.90,45,https://paytm.com:443/offer/wp-content/plugins/logo-slider/lgs_jquery.cycle2.js?ver=4.2.2,2
192.127.94.7,59,https://paytm.com:443/papi/rr/products/10821466/statistics?channel=web&version=2,1
202.164.32.113,67,https://paytm.com:443/papi/rr/products/17563541/statistics?channel=web&version=2,1
203.191.34.178,69,https://paytm.com:443/offer/wp-content/uploads/2015/07/logo37.gif,1
49.206.103.65,77,https://paytm.com:443/,1
106.220.10.187,8,https://paytm.com:443/loreal?utm_source=VCOMM&utm_medium=VCOMM&utm_campaign=VCOMM,1
106.76.87.103,11,https://paytm.com:443/shop/cart?channel=web&version=2,1
116.74.95.135,18,https://paytm.com:443/shop/cart?channel=web&version=2,1
117.238.124.109,19,https://paytm.com:443/,2
122.163.154.123,24,https://paytm.com:443/offer/wp-content/plugins/wonderplugin-carousel/engine/wonderplugincarousel.js?ver=3.8,1
122.163.154.123,24,https://paytm.com:443/offer/wp-content/plugins/wp-social-sharing/static/socialshare.css?ver=1.3,1
122.177.216.110,24,https://paytm.com:443/shop/cart?channel=web&version=2,1
123.136.223.176,26,https://paytm.com:443/offer/wp-content/uploads/2014/12/examples.css,1
14.139.229.43,33,https://paytm.com:443/api/v1/expresscart/checkout?wallet=1,1
150.129.28.237,40,https://paytm.com:443/shop/cart,1
182.74.242.34,56,https://paytm.com:443/papi/v1/promosearch/product/12073731/offers?parent_id=0&price=529&channel=web&version=2,1
203.134.194.82,69,https://paytm.com:443/,1
203.99.205.234,74,https://paytm.com:443/shop/cart/checkout?channel=web&version=2,1
203.99.218.140,76,https://paytm.com:443/shop/p/patiala-special-vol-6-beige-cotton-dress-material-APPPATIALA-SPECDIVI485606598B702,1
27.107.82.208,87,https://paytm.com:443/papi/v1/promosearch/product/2171395/offers?parent_id=2307125&price=1759&channel=web&version=2,1
49.14.206.53,89,https://paytm.com:443/shop,1
49.200.94.27,89,https://paytm.com:443/terms,1
59.178.34.178,91,https://paytm.com:443/,2
59.94.105.88,91,https://paytm.com:443/shop/g/electronics/mobile-accessories/mobiles-accessories-store/price-never-before-tablets?gclid=CKyoy4Ww7sYCFUiXvQodHl8Hkw,1
1.39.35.53,2,https://paytm.com:443/favicon.ico,1
103.231.7.50,6,https://paytm.com:443/papi/v1/promosearch/product/15575152/offers?parent_id=6899695&price=600&channel=web&version=2,1
103.232.233.252,6,https://paytm.com:443/offer/wp-content/plugins/easy-logo-slider/js/jcarousel.responsive.js?ver=4.2.2,2
106.208.249.13,15,https://paytm.com:443/shop/logout?channel=web&version=2,1
111.93.151.26,17,https://paytm.com:443/,1
112.133.233.120,20,https://paytm.com:443/shop/cart?channel=web&version=2,2
115.248.39.45,25,https://paytm.com:443/shop/p/boston-memory-foam-6-inch-mattress-for-bed-HOMBOSTON-MEMORBOST21671F3BD11C9,1
117.214.186.47,29,https://paytm.com:443/?utm_medium=affiliate&utm_source=Netcore_mailer&utm_campaign=ElectronicSale-20072015&utm_term=aff3-E,6
117.217.178.157,30,https://paytm.com:443/shop/orderhistory?pagesize=10&channel=web&version=2,1
120.138.99.154,30,https://paytm.com:443/shop/g/books/academic-professional/college-books?utm_source=facebook_paid&utm_medium=social&utm_campaign=Books_Academic_collegetext_paytm_3week_visitors,1
122.183.234.146,33,https://paytm.com:443/shop/orderhistory?pagesize=10&channel=web&version=2,1
124.40.244.130,35,https://paytm.com:443/shop/orderhistory?pagesize=10&channel=web&version=2,1
180.151.214.53,40,https://paytm.com:443/papi/v1/promosearch/product/10259926/offers?parent_id=13094026&price=249&channel=web&version=2,1
182.72.26.158,41,https://paytm.com:443/shop?utm_source=Affiliates&utm_medium=VCOMM&utm_campaign=VCOMM&utm_term=1064,2
199.224.150.18,43,https://paytm.com:443/shop/orderdetail/1091941895?actions=1&channel=web&version=2,2
202.164.62.18,45,https://paytm.com:443/papi/v1/promosearch/product/16268669/offers?parent_id=2220499&price=592&channel=web&version=2,2
202.4.182.241,45,https://paytm.com:443/shop/summary/1115385087,1
202.4.182.241,45,https://paytm.com:443/shop/cart?channel=web&version=2,1
49.206.158.42,53,https://paytm.com:443/shop/v1/frequentorders?channel=web&version=2,1
106.194.57.238,11,https://paytm.com:443/shop/cart,1
106.208.10.168,11,https://paytm.com:443/offer/wp-content/plugins/really-simple-facebook-twitter-share-buttons/style.css?ver=4.2.2,1
106.220.5.139,12,https://paytm.com:443/papi/v1/promosearch/product/13466002/offers?parent_id=null,1
117.204.33.120,23,https://paytm.com:443/shop/summary/1115774132,1
117.207.54.87,23,https://paytm.com:443/papi/rr/products/17640403/statistics?channel=web&version=2,1
128.185.202.133,29,https://paytm.com:443/,1
14.139.82.132,32,https://paytm.com:443/papi/v1/promosearch/product/17563543/offers?parent_id=17563545&price=749&channel=web&version=2,1
182.65.108.232,42,https://paytm.com:443/offer/wp-content/themes/twentytwelve/js/navigation.js?ver=20140318,1
182.66.1.85,42,https://paytm.com:443/offer/wp-content/uploads/2015/07/julqw.jpg,1
182.66.1.85,42,https://paytm.com:443/offer/wp-content/uploads/2015/07/offer-page_20jul.jpg,1
203.109.107.50,50,https://paytm.com:443/shop/orderdetail/1117830977?channel=web&version=2,2
203.217.145.134,51,https://paytm.com:443/offer/wp-content/plugins/owl-carousel/css/owl.transitions.css?ver=4.2.2,1
203.91.201.57,54,https://paytm.com:443/offer/wp-content/plugins/easy-logo-slider/css/jcarouselresponsive.css?ver=4.2.2,1
203.91.201.57,56,https://paytm.com:443/papi/nps/merchantrating?merchant_id=21259&channel=web&version=2,1
203.91.201.57,57,https://paytm.com:443/offer/wp-content/plugins/contact-form-7/includes/js/scripts.js?ver=4.0.3,1
49.200.117.222,62,https://paytm.com:443/shop/cart?channel=web&version=2,5
103.240.76.244,10,https://paytm.com:443/offer/wp-content/uploads/2015/07/offer-page_21july.jpg,1
106.219.1.34,12,https://paytm.com:443/shop/login?isIframe=true&theme=mp-web,1
106.221.141.121,12,https://paytm.com:443/shop/v1/frequentorders?channel=web&version=2,1
106.51.134.126,12,https://paytm.com:443/shop/cart?channel=web&version=2,3
115.250.10.184,21,https://paytm.com:443/papi/v1/promosearch/product/9503351/offers?parent_id=4038599&price=894&channel=web&version=2,1
116.75.131.175,26,https://paytm.com:443/papi/nps/merchantrating?merchant_id=22458&channel=web&version=2,1
117.205.111.205,27,https://paytm.com:443/shop/cart?channel=web&version=2,2
117.213.49.65,27,https://paytm.com:443/offer/wp-includes/js/jquery/jquery.masonry.min.js?ver=3.1.2,1
117.248.189.234,27,https://paytm.com:443/papi/v1/promosearch/product/16614972/offers?parent_id=5171237&price=370&channel=web&version=2,1
122.161.118.139,30,https://paytm.com:443/,1
122.161.60.35,30,https://paytm.com:443/offer/wp-includes/js/jquery/ui/accordion.min.js?ver=1.11.4,1
122.183.189.97,30,https://paytm.com:443/offer/wp-content/plugins/wp-thumbnail-slider/css/wpt-slide.css?ver=4.2.2,1
125.17.8.199,38,https://paytm.com:443/papi/v1/promosearch/product/6276668/offers?parent_id=6276728&price=4490&channel=web&version=2,1
136.185.160.28,42,https://paytm.com:443/offer/wp-content/plugins/wp-image-slider-with-lightbox/css/slider-plus-lightbox-style.css?ver=4.2.2,1
14.141.48.194,44,https://paytm.com:443/papi/nps/merchantrating?merchant_id=20338&channel=web&version=2,1
182.69.31.186,53,https://paytm.com:443/papi/nps/merchantverification,1
202.54.184.246,57,https://paytm.com:443/shop/cart?channel=web&version=2,3
203.110.246.22,63,https://paytm.com:443/offer/wp-content/plugins/wp-responsive-slider-with-lightbox/images/vl-box/controls.png,1
203.110.246.22,63,https://paytm.com:443/offer/wp-content/plugins/wp-social-sharing/static/socialshare.css?ver=1.3,1
203.62.173.23,71,https://paytm.com:443/shop/login?isIframe=true&theme=mp-web,1
27.124.7.241,75,https://paytm.com:443/papi/v1/expresscart/verify,1
43.225.248.98,77,https://paytm.com:443/shop/log,1
49.204.35.248,79,https://paytm.com:443/papi/v1/expresscart/verify,5
70.39.187.74,89,https://paytm.com:443/blog/more-saving-paytm-wallet-offers/,1
1.39.45.129,4,https://paytm.com:443/shop/cart,1
101.63.163.175,4,https://paytm.com:443/offer/wp-content/plugins/wc-gallery/includes/css/style.css?ver=1.26,1
106.219.12.29,14,https://paytm.com:443/?utm_source=Affiliates&utm_medium=Paritycube&utm_campaign=Paritycube,1
115.248.135.226,29,https://paytm.com:443/offer/wp-content/plugins/easy-logo-slider/js/jcarousel.responsive.js?ver=4.2.2,1
117.229.43.6,38,https://paytm.com:443/shop/p/colorbar-matte-touch-lip-color-4-2-g-electric-red-WLIPSS0000000518BUNANA,1
117.243.241.225,39,https://paytm.com:443/papi/nps/merchantverification,1
122.169.96.10,43,https://paytm.com:443/shop,1
122.180.202.220,44,https://paytm.com:443/offer/wp-content/uploads/2015/07/logo18.gif,1
123.252.228.108,45,https://paytm.com:443/offer/wp-content/plugins/wp-social-sharing/static/socialshare.js?ver=1.3,1
123.63.15.233,46,https://paytm.com:443/offer/wp-content/plugins/wp-image-slider-with-lightbox/css/slider-plus-lightbox-style.css?ver=4.2.2,1
14.97.240.115,51,https://paytm.com:443/papi/rr/products/15400074/statistics?channel=web&version=2,1
180.148.62.117,57,https://paytm.com:443/shop/cart?channel=web&version=2,1
182.18.179.22,59,https://paytm.com:443/shop/orderSubscribeHistory?pagesize=10&channel=web&version=2,2
202.149.197.130,63,https://paytm.com:443/shop/cart?channel=web&version=2,1
202.164.156.147,64,https://paytm.com:443/offer,2
27.63.12.32,72,https://paytm.com:443/shop/cart,1
49.248.85.61,79,https://paytm.com:443/shop/p/florence-combo-pack-of-3-multi-colour-faux-georgette-saree-and-handbag-APPFLORENCE-COMFLOR154992A9A4B,1
1.39.14.212,1,https://paytm.com:443/,1
100.43.85.10,4,https://paytm.com:443/shop/p/ikitpit-pu-leather-pouch-case-cover-for-videocon-a15+-black-IKITPIT_CR-VI-14-PS-00-BL_NULL_NULL_20214?_escaped_fragment_=,1
100.43.85.10,4,https://paytm.com:443/shop/p/american-swan-yellow-knit-pants-CMPLXWNTPNT42WBKNPSV6ASYL2L,1
100.43.85.10,5,https://paytm.com:443/shop/p/vicinity-pink-fleece-nighty-APPVICINITY-PINRATA39383F478156A,1
100.43.85.10,5,https://paytm.com:443/shop/p/body-fit-10-kg-home-gym-adjustable-dumbbells-with-accessories-multicolor-SPOBODY-FIT-10-BODY210432454BE66,1
100.43.85.10,5,https://paytm.com:443/shop/p/polo-yellow-casual-shoes-CMPLXFOOPOLO-YELLOW-PERK218183BCD566D,1
106.77.156.147,17,https://paytm.com:443/shop/ad/paytmAd?cat=bus1&paytm=new,1
122.164.70.163,36,https://paytm.com:443/offer/wp-content/uploads/2015/07/bedlinen.jpg,1
180.151.125.101,53,https://paytm.com:443/papi/rr/products/5031272/statistics?channel=web&version=2,1
180.215.123.168,54,https://paytm.com:443/offer/wp-content/plugins/wc-gallery/includes/js/owlcarousel/assets/owl.theme.default.css?ver=2.0.0,1
182.64.104.236,55,https://paytm.com:443/favicon.ico,1
182.71.213.116,55,https://paytm.com:443/shop?utm_source=affiliates&utm_medium=icubeswire&utm_campaign=icubeswire&utm_term=10480,1
182.71.213.116,56,https://paytm.com:443/shop/g/electronics/mobile-accessories/mobiles,1
49.203.214.111,69,https://paytm.com:443/,1
59.144.5.178,79,https://paytm.com:443/shop/orderdetail/1117856760?channel=web&version=2,1
61.246.57.5,82,https://paytm.com:443/papi/nps/merchantrating?merchant_id=34105&channel=web&version=2,1
61.246.57.5,83,https://paytm.com:443/offer/wp-content/uploads/2015/07/offer-page_21july.jpg,4
70.39.185.182,87,https://paytm.com:443/cargo/icons/articles_icon.png,1
72.163.220.7,90,https://paytm.com:443/shop/h/sports-and-health/bicycles-accessories?utm_medium=social&utm_source=facebook_paid&utm_campaign=bicycle-buyers_custom,1
88.198.69.103,95,https://paytm.com:443/papi/rr/products/7208449/statistics,1
1.187.191.232,0,https://paytm.com:443/offer/wp-content/plugins/wc-gallery/includes/js/flexslider/flexslider.css?ver=2.2.0,1
115.111.223.43,17,https://paytm.com:443/papi/rr/products/6171561/statistics?channel=web&version=2,1
115.111.223.43,17,https://paytm.com:443/papi/v1/promosearch/product/9036848/offers?parent_id=0&price=699&channel=web&version=2,3
116.203.63.55,20,https://paytm.com:443/shop/authresponse?code=b60ec9db-e891-441e-bec1-5b91fde847ea,1
144.160.130.93,37,https://paytm.com:443/offer/wp-content/plugins/easy-logo-slider/js/jquery.jcarousel.min.js?ver=4.2.2,1
163.47.13.20,39,https://paytm.com:443/shop/g/electronics/computers-accessories/computer-accessories-store/carousel/mouse-flat-50-off,1
164.100.40.35,39,https://paytm.com:443/care,1
202.71.142.210,65,https://paytm.com:443/shop/v1/frequentorders?channel=web&version=2,1
203.99.198.151,68,https://paytm.com:443/shop/cart?channel=web&version=2,10
223.255.247.114,73,https://paytm.com:443/shop/log,1
27.113.255.34,73,https://paytm.com:443/shop/orderdetail/1115380753?actions=1&channel=web&version=2,1
49.206.245.49,81,https://paytm.com:443/shop/p/catwalk-black-heels-size-9-FOOCATWALK-BLACFASH20344228455CE,1
54.251.128.29,84,https://paytm.com:443/shop/p/samsung-guru-e1200-white-Samsung_GuruE1200_Null_White_22649,1
54.251.128.29,84,https://paytm.com:443/shop/p/panasonic-eluga-s-black-MOBPANASONIC-ELBUYZ44108808B10C0,1
54.251.128.29,85,https://paytm.com:443/shop/p/sony-xperia-z-white-Sony_XperiaZ_16GB_White_22346,1
1.22.216.78,0,https://paytm.com:443/papi/v1/promosearch/product/2109054/offers?parent_id=2110822,1
1.22.79.195,0,https://paytm.com:443/shop/cart,1
1.39.13.105,1,https://paytm.com:443/shop/authresponse?code=c6f65018-ca75-4164-90d9-58b5ac8261be&state=,1
103.39.242.238,13,https://paytm.com:443/shop/orderdetail/1117855941?channel=web&version=2,2
106.216.159.189,13,https://paytm.com:443/offer/wp-content/plugins/wp-responsive-slider-with-lightbox/css/images-responsive-thumbnail-slider-plus-lighbox-style.css?ver=4.2.2,1
106.216.159.189,13,https://paytm.com:443/offer/wp-content/plugins/owl-carousel/css/owl.theme.css?ver=4.2.2,1
106.219.32.57,13,https://paytm.com:443/offer/wp-content/plugins/owl-carousel/css/owl.transitions.css?ver=4.2.2,1
107.167.103.165,13,https://paytm.com:443/offer/wp-content/plugins/wp-social-sharing/static/socialshare.css?ver=1.3,2
115.111.135.194,22,https://paytm.com:443/shop/cart?channel=web&version=2,1
117.208.163.145,25,https://paytm.com:443/favicon.ico,1
117.208.36.96,25,https://paytm.com:443/shop/v1/frequentorders?channel=web&version=2,2
117.239.229.170,25,https://paytm.com:443/papi/v1/expresscart/verify,1
117.241.179.242,25,https://paytm.com:443/offer/wp-content/plugins/image-slider-responsive/css/flexslider.css?ver=4.2.2,1
120.56.253.72,26,https://paytm.com:443/offer/wp-content/uploads/2015/07/kitch11.jpg,1
122.163.75.142,32,https://paytm.com:443/favicon.ico,1
123.237.178.207,33,https://paytm.com:443/images/greyStar.png,1
14.141.91.20,35,https://paytm.com:443/offer/wp-content/plugins/images-thumbnail-sliderv1/css/images-thumbnail-sliderv1-style.css?ver=4.2.2,1
14.98.210.50,37,https://paytm.com:443/shop/action,1
14.98.24.89,37,https://paytm.com:443/shop/p/shree-haree-pink-georgette-dress-material-APPSHREE-HAREE-SHRE70550E97C6727,1
152.52.243.125,37,http://www.paytm.com:80/,1
182.65.220.121,45,https://paytm.com:443/offer/wp-content/plugins/wc-gallery/includes/js/owlcarousel/assets/owl.carousel.min.css?ver=2.0.0,1
203.123.36.20,56,https://paytm.com:443/papi/nps/merchantrating?merchant_id=23952&channel=web&version=2,3
203.197.118.111,58,https://paytm.com:443/shop/login?isIframe=true&theme=mp-web,1
27.4.48.24,68,https://paytm.com:443/papi/rr/products/9168426/statistics?channel=web&version=2,1
27.54.172.11,69,https://paytm.com:443/shop/p/sony-sbh20-in-the-ear-bluetooth-headset-COMSONY-SBH20-IMOBI4659766CB55F2,1
45.65.11.170,72,https://paytm.com:443/,1
49.204.215.76,72,https://paytm.com:443/papi/rr/products/9050027/statistics?channel=web&version=2,1
1.39.15.15,3,https://paytm.com:443/offer/wp-content/plugins/easy-logo-slider/css/style-admin.css?ver=4.2.2,1
101.57.166.105,5,https://paytm.com:443/shop/summary/1117856531,1
103.21.77.27,5,https://paytm.com:443/papi/rr/products/6072587/statistics?channel=web&version=2,1
103.21.77.27,5,https://paytm.com:443/papi/rr/products/17019896/statistics?channel=web&version=2,1
103.25.129.194,5,https://paytm.com:443/shop/orderhistory?pagesize=10&channel=web&version=2,1
106.77.159.112,15,https://paytm.com:443/offer/wp-content/plugins/wp-image-slider-with-lightbox/js/slider-plus-lightbox-js.js?ver=4.2.2,1
106.77.197.201,15,https://paytm.com:443/offer/wp-includes/js/jquery/jquery.masonry.min.js?ver=3.1.2,1
115.113.112.98,31,https://paytm.com:443/,1
117.211.134.53,35,https://paytm.com:443/papi/v1/promosearch/product/13799751/offers?parent_id=null,1
120.63.87.115,38,https://paytm.com:443/papi/nps/merchantrating?merchant_id=134&channel=web&version=2,1
122.180.120.162,44,https://paytm.com:443/blog/wp-includes/js/jquery/jquery-migrate.min.js?ver=1.2.1,1
125.23.128.30,47,https://paytm.com:443/shop/authresponse?code=2df8308e-688b-432b-aabd-5df7de941bc2,1
14.140.152.42,53,https://paytm.com:443/offer/wp-content/plugins/wc-gallery/includes/css/magnific-popup.css?ver=0.9.9,2
14.141.114.3,53,https://paytm.com:443/shop/cart?channel=web&version=2,2
14.97.254.235,57,https://paytm.com:443/papi/v1/promosearch/product/16283026/offers?parent_id=16284047&price=999&channel=web&version=2,1
14.99.197.111,57,https://paytm.com:443/papi/v1/promosearch/product/8545929/offers?parent_id=8546025&price=297&channel=web&version=2,1
141.8.143.205,59,https://paytm.com:443/shop/p/shining-diva-kundan-jadau-kamarbandh-WKMRBDRRSD2253KBRRRDFR,1
153.2.246.30,59,https://paytm.com:443/styles/app.css,1
174.79.30.7,59,https://paytm.com:443/offer/wp-content/plugins/wp-thumbnail-slider/js/wpt-js.js?ver=4.2.2,1
174.79.30.7,59,https://paytm.com:443/offer/wp-content/uploads/2015/07/autom.jpg,1
175.101.80.134,60,https://paytm.com:443/papi/rr/products/14741897/statistics?channel=web&version=2,1
182.237.149.112,66,https://paytm.com:443/offer/wp-content/plugins/wp-image-slider-with-lightbox/js/jquery.lbox.min.js?ver=4.2.2,1
182.68.54.65,67,https://paytm.com:443/,1
183.177.127.146,70,https://paytm.com:443/shop/p/zovi-blue-loafers-size-9-FOOZOVI-BLUE-LOZOVI60857E1AD64E5,2
202.83.37.9,73,https://paytm.com:443/papi/v1/promosearch/product/15901286/offers?parent_id=12022741&price=345&channel=web&version=2,1
203.192.246.162,73,https://paytm.com:443/shop/action,2
49.204.253.61,84,https://paytm.com:443/,1
49.248.195.252,84,https://paytm.com:443/,1
70.39.187.174,93,https://paytm.com:443/settings,1
1.187.138.1,0,https://paytm.com:443/offer/wp-content/plugins/owl-carousel/css/owl.transitions.css?ver=4.2.2,1
106.203.202.212,23,https://paytm.com:443/offer/wp-includes/js/jquery/ui/widget.min.js?ver=1.11.4,1
106.203.202.212,23,https://paytm.com:443/offer/wp-content/themes/twentytwelve/style.css?ver=4.2.2,1
106.203.202.212,23,https://paytm.com:443/offer/wp-content/plugins/wp-social-sharing/static/socialshare.css?ver=1.3,1
106.77.191.123,28,https://paytm.com:443/user/notifications,1
115.187.42.77,46,https://paytm.com:443/papi/rr/products/14842129/statistics?channel=web&version=2,1
122.162.150.201,57,https://paytm.com:443/papi/rr/products/5251245/statistics?channel=web&version=2,1
14.139.62.113,68,https://paytm.com:443/papi/nps/merchantrating?merchant_id=22858&channel=web&version=2,1
14.97.87.221,73,https://paytm.com:443/?utm_medium=affiliate&utm_source=Netcore_mailer&utm_campaign=ElectronicSale-20072015&utm_term=aff3-E,4
163.47.12.239,76,https://paytm.com:443/papi/nps/merchantrating?merchant_id=22437&channel=web&version=2,1
175.101.16.8,79,https://paytm.com:443/papi/rr/products/7390121/statistics?channel=web&version=2,1
175.101.86.11,85,https://paytm.com:443/shop/summary/1116559572,1
180.211.103.130,87,https://paytm.com:443/papi/rr/products/17563540/statistics?channel=web&version=2,1
203.109.93.75,99,https://paytm.com:443/offer/wp-content/plugins/wc-gallery/includes/css/style.css?ver=1.26,1
203.109.93.75,99,https://paytm.com:443/offer/wp-content/uploads/2015/07/bb.png,1
203.217.145.237,99,https://paytm.com:443/shop/logout,1
27.251.76.25,101,https://paytm.com:443/papi/rr/products/4932038/statistics?channel=web&version=2,1
27.251.76.25,101,https://paytm.com:443/shop/cart?channel=web&version=2,2
27.97.14.59,102,https://paytm.com:443/shop/wallet/txnhistory?page_size=10&page_number=0,1
49.204.128.180,102,https://paytm.com:443/papi/nps/merchantrating?merchant_id=20145&channel=web&version=2,1
1.39.40.120,6,https://paytm.com:443/offer/wp-includes/js/jquery/ui/accordion.min.js?ver=1.11.4,1
106.208.152.41,17,https://paytm.com:443/offer/wp-content/plugins/owl-carousel/css/owl.theme.css?ver=4.2.2,1
106.219.27.229,17,https://paytm.com:443/offer/wp-content/uploads/2015/07/ggg.jpg,1
106.77.214.203,17,https://paytm.com:443/offer/wp-content/plugins/logo-slider/lgs_jquery.cycle2.js?ver=4.2.2,1
107.167.108.245,19,https://paytm.com:443/offer/wp-content/plugins/easy-logo-slider/css/style-admin.css?ver=4.2.2,2
107.167.108.245,19,https://paytm.com:443/offer/wp-content/plugins/logo-slider/lgs_jquery.cycle2.js?ver=4.2.2,1
115.110.71.22,24,https://paytm.com:443/offer/wp-content/plugins/owl-carousel/js/owl.carousel.js?ver=4.2.2,1
115.245.250.191,26,https://paytm.com:443/offer/wp-content/themes/twentytwelve/style.css?ver=4.2.2,1
122.179.180.175,30,https://paytm.com:443/shop/wallet/getP2BModelWindowDetails,1
128.199.96.29,32,https://paytm.com:443/offer/wp-content/plugins/easy-logo-slider/js/jquery.jcarousel.min.js?ver=4.2.2,1
180.211.99.245,41,https://paytm.com:443/shop/orderdetail/1117828473?channel=web&version=2,2
180.215.19.65,41,https://paytm.com:443/offer/wp-content/plugins/wp-responsive-slider-with-lightbox/images/vl-box/controls.png,1
180.215.213.108,42,https://paytm.com:443/shop/action,6
182.156.71.169,42,https://paytm.com:443/papi/nps/merchantrating?merchant_id=44565&channel=web&version=2,1
203.99.196.123,49,https://paytm.com:443/offer/wp-content/plugins/wp-responsive-slider-with-lightbox/js/l-box-js.js?ver=4.2.2,1
210.212.102.130,49,https://paytm.com:443/papi/rr/products/10266399/statistics?channel=web&version=2,1
220.227.132.226,54,https://paytm.com:443/offer/wp-content/plugins/wc-gallery/includes/css/style.css?ver=1.26,1
43.252.220.174,56,https://paytm.com:443/shop/cart?channel=web&version=2,1
45.117.201.156,56,https://paytm.com:443/shop/v1/frequentorders?channel=web&version=2,2
70.39.185.215,58,https://paytm.com:443/code?code=9a7104e9-34ed-442a-9e4c-a2e3cff3bcbe,1
1.39.61.31,1,https://paytm.com:443/shop/orderdetail/1092753311?actions=1&channel=web&version=2,1
101.57.198.60,1,https://paytm.com:443/shop/p/nikon-af-zoom-nikkor-70-300-mm-f-4-5-6g-lens-black-CMPLXNIKON_AFZOOMNIKKOR70300MMF456G_ZOOM_BLACK,1
103.22.172.251,4,https://paytm.com:443/papi/v1/expresscart/verify,1
106.208.177.234,11,https://paytm.com:443/favicon.ico,1
107.167.107.96,15,https://paytm.com:443/offer/wp-content/plugins/wp-social-sharing/static/socialshare.css?ver=1.3,1
107.167.109.192,21,https://paytm.com:443/offer/wp-content/plugins/wc-gallery/includes/css/style.css?ver=1.26,1
111.119.235.194,21,https://paytm.com:443/offer/wp-content/plugins/wp-responsive-slider-with-lightbox/js/l-box-js.js?ver=4.2.2,1
114.143.183.170,21,https://paytm.com:443/shop/v1/frequentorders?channel=web&version=2,1
115.250.124.94,24,https://paytm.com:443/papi/v1/promosearch/product/253917/offers?parent_id=0&price=370&channel=web&version=2,1
116.75.109.37,27,https://paytm.com:443/offer/wp-content/plugins/owl-carousel/css/owl.theme.css?ver=4.2.2,1
117.229.154.228,28,https://paytm.com:443/api/v1/expresscart/checkout?wallet=1&withdraw=1,1
117.244.151.115,28,https://paytm.com:443/offer/wp-content/plugins/wp-responsive-slider-with-lightbox/js/images-responsive-thumbnail-slider-plus-lightbox-jc.js?ver=4.2.2,1
117.244.151.115,28,https://paytm.com:443/offer/wp-includes/js/jquery/ui/dialog.min.js?ver=1.11.4,1
122.160.196.247,29,https://paytm.com:443/sellers/wp-content/uploads/sites/2/2015/06/Letter.jpg,1
123.237.230.18,30,https://paytm.com:443/papi/rr/products/10333870/statistics?channel=web&version=2,1
14.141.69.130,41,https://paytm.com:443/papi/nps/merchantrating?merchant_id=25082&channel=web&version=2,1
144.36.234.112,41,https://paytm.com:443/shop/cart,2
182.66.9.197,53,https://paytm.com:443/shop/log,1
182.68.35.174,53,https://paytm.com:443/papi/v1/promosearch/product/8826128/offers?parent_id=5953478&price=4306&channel=web&version=2,1
182.70.239.112,53,https://paytm.com:443/papi/nps/merchantverification,1
182.74.116.210,55,https://paytm.com:443/papi/v1/promosearch/product/9208868/offers?parent_id=9208983&price=218&channel=web&version=2,1
203.100.73.162,61,https://paytm.com:443/shop/cart?channel=web&version=2,1
223.227.247.2,64,https://paytm.com:443/shop/logout?channel=web&version=2,1
27.54.164.228,67,https://paytm.com:443/shop/orderhistory?before_id=1027701861&pagesize=10&channel=web&version=2,1
27.54.164.228,67,https://paytm.com:443/api/user/favourite?channel=web&version=2,1
49.204.120.143,74,https://paytm.com:443/offer/termsconditions/?webview=1&version=4.6.0&client=iosapp,1
58.146.108.148,78,https://paytm.com:443/shop/p/style-amaze-white-cotton-dress-material-APPSTYLE-AMAZE-STYL360589890E5BA,1
1.38.23.9,0,https://paytm.com:443/shop/wallet/txnhistory?page_size=10&page_number=0,1
1.39.11.236,1,https://paytm.com:443/shop/log,1
106.221.159.163,3,https://paytm.com:443/shop/v1/frequentorders,1
107.167.107.22,5,https://paytm.com:443/login,1
116.203.75.132,9,https://paytm.com:443/offer/wp-content/plugins/wp-image-slider-with-lightbox/js/slider-plus-lightbox-js.js?ver=4.2.2,1
117.203.239.208,9,https://paytm.com:443/shop/v1/frequentorders?channel=web&version=2,1
117.221.74.189,11,https://paytm.com:443/offer/wp-includes/js/jquery/ui/mouse.min.js?ver=1.11.4,1
120.61.37.128,13,https://paytm.com:443/,1
122.161.193.166,13,https://paytm.com:443/shop/authresponse?code=2cc4530a-36af-46cd-b2bc-a790a449f3bb,1
122.161.60.141,13,https://paytm.com:443/offer/wp-content/uploads/2014/12/jquery.sliderPro.min_.js,1
122.164.200.71,13,https://paytm.com:443/shop,3
122.176.18.193,14,https://paytm.com:443/shop/cart?channel=web&version=2,1
125.17.91.162,20,https://paytm.com:443/favicon.ico,1
14.102.30.2,21,https://paytm.com:443/offer/wp-content/plugins/wp-social-sharing/static/socialshare.css?ver=1.3,1
14.97.167.143,25,https://paytm.com:443/shop/logout,1
152.52.38.224,27,https://paytm.com:443/shop/summary/1118043843,1
180.215.92.229,30,https://paytm.com:443/offer/wp-content/plugins/wc-gallery/includes/js/owlcarousel/assets/owl.theme.default.css?ver=2.0.0,1
180.215.92.229,30,https://paytm.com:443/offer/wp-content/plugins/wp-image-slider-with-lightbox/js/slider-plus-lightbox-js.js?ver=4.2.2,1
182.56.201.206,33,https://paytm.com:443/favicon.ico,1
203.91.201.54,51,https://paytm.com:443/shop/action,1
203.91.201.54,53,https://paytm.com:443/shop/orderdetail/1083527969?actions=1&channel=web&version=2,1
37.228.107.83,64,https://paytm.com:443/styles/app.css,1
49.139.240.39,64,https://paytm.com:443/papi/v1/promosearch/product/5693246/offers?parent_id=5693263&price=615&channel=web&version=2,1
49.205.118.156,64,https://paytm.com:443/shop/orderhistory?pagesize=10&channel=web&version=2,1
59.161.191.198,67,https://paytm.com:443/offer/wp-content/plugins/easy-logo-slider/js/jcarousel.responsive.js?ver=4.2.2,1
59.178.175.253,67,https://paytm.com:443/offer/wp-content/plugins/wc-gallery/includes/css/magnific-popup.css?ver=0.9.9,2
59.178.175.253,67,https://paytm.com:443/offer/wp-content/plugins/wp-responsive-slider-with-lightbox/images/vl-box/controls.png,1
59.180.129.78,67,https://paytm.com:443/offer/wp-content/plugins/images-thumbnail-sliderv1/js/jc.js?ver=4.2.2,1
59.180.129.78,67,https://paytm.com:443/offer/wp-content/plugins/wp-responsive-slider-with-lightbox/css/images-responsive-thumbnail-slider-plus-lighbox-style.css?ver=4.2.2,1
1.22.133.41,0,https://paytm.com:443/papi/rr/products/9119045/statistics?channel=web&version=2,1
101.62.144.149,11,https://paytm.com:443/papi/v1/promosearch/product/6265751/offers?parent_id=0&price=150&channel=web&version=2,1
103.242.155.61,16,https://paytm.com:443/offer/wp-content/uploads/2015/07/cc.png,1
103.251.60.98,19,https://paytm.com:443/offer/wp-content/plugins/wp-awesome-faq/jquery-ui.css?ver=4.2.2,1
103.26.219.37,20,https://paytm.com:443/offer/wp-content/uploads/2015/01/bootstrap.min_.css,1
106.51.132.228,26,https://paytm.com:443/shop/p/silkbazar-party-wear-gray-cotton-printed-dress-material-wdress000sb_1232fegrfr,1
116.203.244.58,38,https://paytm.com:443/offer/wp-includes/js/jquery/ui/resizable.min.js?ver=1.11.4,1
121.242.42.35,43,https://paytm.com:443/checkout,1
122.102.26.155,44,https://paytm.com:443/offer/wp-content/uploads/2015/07/qas.jpg,1
122.102.26.155,44,https://paytm.com:443/offer/wp-content/uploads/2015/07/bedlinen.jpg,1
14.99.232.156,56,https://paytm.com:443/papi/nps/merchantrating?merchant_id=31257&channel=web&version=2,1
14.99.232.156,56,https://paytm.com:443/papi/v1/promosearch/product/13438849/offers?parent_id=0&price=874&channel=web&version=2,1
210.212.47.200,67,https://paytm.com:443/offer/wp-content/plugins/wp-thumbnail-slider/css/wpt-slide.css?ver=4.2.2,1
223.176.133.255,69,https://paytm.com:443/papi/rr/products/16401967/statistics?channel=web&version=2,1
37.228.105.61,73,https://paytm.com:443/code?code=a97b7be9-8efc-4958-a1f5-e5f4d7b2f0e3,1
49.156.86.248,76,https://paytm.com:443/offer/wp-includes/js/jquery/ui/accordion.min.js?ver=1.11.4,1
49.156.86.248,76,https://paytm.com:443/offer/wp-content/plugins/owl-carousel/css/owl.transitions.css?ver=4.2.2,1
59.144.121.86,76,https://paytm.com:443/offer/wp-content/uploads/2015/07/470X220_books.jpg,1
59.163.101.229,76,https://paytm.com:443/scripts/paytmAd.js,1
59.178.128.57,76,https://paytm.com:443/offer/wp-content/uploads/2015/07/autom.jpg,1
106.66.56.150,18,https://paytm.com:443/,1
107.167.103.131,18,https://paytm.com:443/,2
112.133.246.6,27,https://paytm.com:443/paytmcash,2
117.192.31.182,36,https://paytm.com:443/shop/wallet/balance?channel=web&version=2,1
117.210.223.47,36,https://paytm.com:443/offer/wp-includes/js/jquery/ui/button.min.js?ver=1.11.4,1
117.244.46.228,38,https://paytm.com:443/shop/login?isIframe=true&theme=mp-web,1
117.244.46.228,38,https://paytm.com:443/shop/wallet/txnhistory?page_size=10&page_number=0&channel=web&version=2,3
120.60.145.18,42,https://paytm.com:443/shop/wallet/txnhistory?page_size=10&page_number=0,2
125.18.138.98,47,https://paytm.com:443/offer,1
14.99.97.175,47,https://paytm.com:443/papi/v1/promosearch/product/1707127/offers?parent_id=4789691&price=349&channel=web&version=2,1
164.100.141.12,48,https://paytm.com:443/shop/wallet/balance?channel=web&version=2,1
182.69.55.154,53,https://paytm.com:443/papi/rr/products/10519447/statistics?channel=web&version=2,1
182.71.128.50,53,https://paytm.com:443/offer/wp-content/plugins/wonderplugin-carousel/engine/wonderplugincarouselskins.js?ver=3.8,1
182.72.178.142,54,https://paytm.com:443/offer/wp-content/plugins/image-slider-responsive/css/flexslider.css?ver=4.2.2,1
182.74.62.54,54,https://paytm.com:443/offer/wp-content/plugins/owl-carousel/css/owl.theme.css?ver=4.2.2,1
183.82.203.241,57,https://paytm.com:443/shop/wallet/balance?channel=web&version=2,1
202.9.91.151,64,https://paytm.com:443/offer/wp-includes/js/jquery/ui/resizable.min.js?ver=1.11.4,1
202.9.91.151,64,https://paytm.com:443/stores/wp-content/uploads/sites/5/2015/05/green_dust_1logo.jpg,1
27.7.48.170,68,https://paytm.com:443/shop/summary/1118082811,1
37.228.106.159,69,https://paytm.com:443/offer/wp-content/plugins/wp-responsive-slider-with-lightbox/js/images-responsive-thumbnail-slider-plus-lightbox-jc.js?ver=4.2.2,1
49.207.164.177,73,https://paytm.com:443/favicon.ico,1
59.90.191.34,73,https://paytm.com:443/offer/wp-includes/js/jquery/ui/accordion.min.js?ver=1.11.4,1
59.91.127.126,73,https://paytm.com:443/papi/rr/products/10993582/statistics?channel=web&version=2,1
59.91.199.126,73,https://paytm.com:443/papi/v1/promosearch/product/17510521/offers?parent_id=12060270&price=499&channel=web&version=2,2
8.37.224.52,79,https://paytm.com:443/,1
103.16.70.20,8,https://paytm.com:443/papi/v1/promosearch/product/14222216/offers?parent_id=14226288&price=1074&channel=web&version=2,1
106.215.171.25,15,https://paytm.com:443/shop/orderdetail/1116222618,1
113.19.213.226,23,https://paytm.com:443/papi/v1/promosearch/product/12635245/offers?parent_id=10406425&price=6618&channel=web&version=2,1
115.117.116.55,23,https://paytm.com:443/offer/termsconditions/,2
116.203.32.162,26,https://paytm.com:443/shop/cart,1
116.75.8.120,26,https://paytm.com:443/offer/wp-includes/js/jquery/ui/button.min.js?ver=1.11.4,1
116.75.8.120,26,https://paytm.com:443/offer/wp-content/plugins/wp-responsive-slider-with-lightbox/js/images-responsive-thumbnail-slider-plus-lightbox-jc.js?ver=4.2.2,1
117.223.110.90,27,https://paytm.com:443/offer/wp-content/plugins/really-simple-facebook-twitter-share-buttons/style.css?ver=4.2.2,1
117.223.110.90,27,https://paytm.com:443/offer/wp-content/plugins/wp-thumbnail-slider/css/wpt-slide.css?ver=4.2.2,1
122.168.189.123,29,https://paytm.com:443/offer/greencart/?src=offer,1
144.36.182.231,42,https://paytm.com:443/papi/rr/products/13552815/statistics?channel=web&version=2,1
144.36.182.231,43,https://paytm.com:443/api/v1/expresscart/checkout?wallet=1,1
182.66.17.61,49,https://paytm.com:443/,1
182.70.100.144,51,https://paytm.com:443/papi/v1/promosearch/product/2543117/offers?parent_id=2543336&price=985&channel=web&version=2,2
37.228.104.146,62,https://paytm.com:443/code?code=b9c89706-e43c-40c7-8542-a88813f66f39,1
49.248.229.250,73,https://paytm.com:443/shop/cart?channel=web&version=2,1
59.178.158.188,75,https://paytm.com:443/papi/rr/products/4902062/statistics?channel=web&version=2,1
59.178.173.92,75,https://paytm.com:443/shop/cart?channel=web&version=2,2
1.39.62.35,3,https://paytm.com:443/offer/wp-content/uploads/2015/07/qas.jpg,1
103.252.24.88,6,https://paytm.com:443/papi/rr/products/6731259/statistics?channel=web&version=2,1
103.37.201.12,6,https://paytm.com:443/offer/wp-content/plugins/really-simple-facebook-twitter-share-buttons/images/facebook-share.png,1
107.167.108.241,14,https://paytm.com:443/offer/wp-content/plugins/easy-logo-slider/css/jcarouselresponsive.css?ver=4.2.2,2
107.167.108.241,14,https://paytm.com:443/offer/wp-content/uploads/2014/12/rightarrow.png,1
115.112.36.106,22,https://paytm.com:443/api/oauth2/user/clients?channel=web&version=2,1
115.242.169.132,23,https://paytm.com:443/papi/v1/promosearch/product/2841356/offers?parent_id=6816219&price=999&channel=web&version=2,1
117.202.135.85,23,https://paytm.com:443/?utm_source=Affiliates&utm_medium=Payoom&utm_campaign=Payoom,1
117.207.80.203,24,https://paytm.com:443/offer/wp-content/plugins/images-thumbnail-sliderv1/css/images-thumbnail-sliderv1-style.css?ver=4.2.2,1
117.223.60.17,24,https://paytm.com:443/offer/wp-content/uploads/2015/05/uber.jpg,1
122.15.156.64,27,https://paytm.com:443/offer/wp-content/plugins/wp-thumbnail-slider/js/wpt-js.js?ver=4.2.2,1
123.63.24.30,34,https://paytm.com:443/offer/wp-content/plugins/wonderplugin-carousel/engine/wonderplugincarouselskins.js?ver=3.8,1
123.63.24.30,34,https://paytm.com:443/shop/cart?channel=web&version=2,2
150.129.244.140,42,https://paytm.com:443/offer/wp-content/plugins/wc-gallery/includes/js/flexslider/flexslider.css?ver=2.2.0,1
150.129.244.140,42,https://paytm.com:443/offer/wp-content/plugins/wp-image-slider-with-lightbox/js/jquery.lbox.min.js?ver=4.2.2,1
165.225.104.54,44,https://paytm.com:443/offer/wp-content/plugins/really-simple-facebook-twitter-share-buttons/images/facebook-share.png,1
165.225.104.54,45,https://paytm.com:443/shop/summary/1116540552,1
165.225.104.54,45,https://paytm.com:443/offer/wp-content/plugins/logo-slider/lgs_jquery.cycle2.js?ver=4.2.2,1
180.215.122.88,47,https://paytm.com:443/papi/rr/products/14743435/statistics?channel=web&version=2,1
182.72.197.194,57,https://paytm.com:443/bus-tickets?src=offer,1
219.91.176.46,63,https://paytm.com:443/papi/v1/promosearch/product/5919852/offers?parent_id=0&price=5935&channel=web&version=2,1
70.39.187.71,74,https://paytm.com:443/offer/wp-content/plugins/wp-image-slider-with-lightbox/css/jquery.lbox.css?ver=4.2.2,1
1.39.63.110,2,https://paytm.com:443/blog/wp-admin/admin-ajax.php,2
106.208.164.169,7,https://paytm.com:443/favicon.ico,1
106.78.210.93,8,https://paytm.com:443/shop/orderdetail/1116595253,1
107.167.109.133,13,https://paytm.com:443/offer/wp-content/plugins/easy-logo-slider/js/jquery.jcarousel.min.js?ver=4.2.2,1
111.93.72.86,23,https://paytm.com:443/shop/cart?channel=web&version=2,1
111.93.72.86,24,https://paytm.com:443/papi/v1/promosearch/product/13499856/offers?parent_id=4246331&price=9997&channel=web&version=2,1
117.205.0.73,28,https://paytm.com:443/offer/wp-includes/js/jquery/jquery.masonry.min.js?ver=3.1.2,1
117.205.0.73,28,https://paytm.com:443/offer/wp-content/uploads/2015/01/style.css,1
120.59.73.250,32,https://paytm.com:443/shop/orderhistory/search?pagesize=10&key=&type=shopping&channel=web&version=2,1
120.59.95.168,32,https://paytm.com:443/shop/login?isIframe=true&theme=mp-web,1
182.72.231.117,48,https://paytm.com:443/papi/v1/promosearch/product/7612539/offers?parent_id=7612544&price=1499&channel=web&version=2,1
203.89.152.131,66,https://paytm.com:443/offer/wp-content/plugins/easy-logo-slider/js/jquery.jcarousel.min.js?ver=4.2.2,1
203.89.152.131,68,https://paytm.com:443/papi/rr/products/12144862/statistics?channel=web&version=2,1
210.212.3.129,74,https://paytm.com:443/shop/orderhistory?pagesize=10&channel=web&version=2,2
27.97.171.155,81,https://paytm.com:443/offer/wp-content/uploads/2015/07/miscellaneous5.gif,1
59.91.97.240,91,https://paytm.com:443/offer/wp-content/plugins/owl-carousel/js/owl.carousel.js?ver=4.2.2,1
59.94.43.234,91,https://paytm.com:443/offer/wp-content/plugins/owl-carousel/js/script.js?ver=4.2.2,1
70.39.185.53,92,https://paytm.com:443/offer/wp-includes/js/jquery/ui/button.min.js?ver=1.11.4,1
101.59.78.0,9,https://paytm.com:443/favicon.ico,1
106.67.179.83,16,https://paytm.com:443/offer/wp-includes/js/jquery/ui/dialog.min.js?ver=1.11.4,1
106.67.7.120,16,https://paytm.com:443/shop/orderdetail/1118080468,1
115.69.248.3,31,https://paytm.com:443/offer/wp-content/plugins/wp-responsive-slider-with-lightbox/css/images-responsive-thumbnail-slider-plus-lighbox-style.css?ver=4.2.2,1
117.239.53.78,37,https://paytm.com:443/offer/wp-content/uploads/2014/12/slider-pro.min_.css,1
117.239.53.78,37,https://paytm.com:443/offer/wp-content/plugins/images-thumbnail-sliderv1/js/jc.js?ver=4.2.2,1
120.59.8.23,42,https://paytm.com:443/papi/v1/promosearch/product/13800164/offers?parent_id=null,2
122.173.210.219,45,https://paytm.com:443/papi/v1/expresscart/verify,3
183.82.219.188,57,https://paytm.com:443/,1
183.87.36.118,60,https://paytm.com:443/shop/cart,1
27.251.48.180,68,https://paytm.com:443/shop/p/araham-white-and-orange-polyester-suit-dress-material-APPARAHAM-WHITEAPSA22187AF295B25,2
49.15.85.98,69,https://paytm.com:443/offer/wp-content/uploads/2015/07/entertainment10.gif,1
49.207.14.49,69,https://paytm.com:443/shop/v1/frequentorders?channel=web&version=2,1
59.184.22.127,71,https://paytm.com:443/shop/user/update,1
59.91.48.30,71,https://paytm.com:443/offer/wp-content/plugins/contact-form-7/includes/js/jquery.form.min.js?ver=3.51.0-2014.06.20,1
1.22.33.102,0,https://paytm.com:443/shop/cart?channel=web&version=2,1
1.23.171.4,0,https://paytm.com:443/shop/orderdetail/1118056564?actions=1&channel=web&version=2,1
1.39.33.147,2,https://paytm.com:443/papi/v1/promosearch/product/16925777/offers?parent_id=6178973,1
1.39.62.5,7,https://paytm.com:443/offer/wp-content/uploads/2015/07/470X220_books.jpg,1
101.59.79.67,11,https://paytm.com:443/offer/wp-content/plugins/owl-carousel/js/owl.carousel.js?ver=4.2.2,1
101.59.79.67,11,https://paytm.com:443/offer/wp-content/plugins/wc-gallery/includes/js/owlcarousel/assets/owl.theme.default.css?ver=2.0.0,1
101.59.79.67,11,https://paytm.com:443/offer/wp-content/plugins/images-thumbnail-sliderv1/css/images-thumbnail-sliderv1-style.css?ver=4.2.2,1
103.232.224.254,16,https://paytm.com:443/,1
103.232.224.254,16,https://paytm.com:443/offer/wp-content/uploads/2015/07/pesoal.jpg,1
106.218.209.101,24,https://paytm.com:443/offer/wp-content/uploads/2015/07/meruwer_1.jpg,1
107.167.108.50,29,https://paytm.com:443/offer/wp-content/themes/twentytwelve/js/navigation.js?ver=20140318,1
112.196.25.146,31,https://paytm.com:443/shop/authresponse?code=964ee7eb-74f6-430e-b6bf-ac662dd0bb24&state=null,2
115.184.240.109,39,https://paytm.com:443/shop/summary/1116225503,2
117.198.179.2,43,https://paytm.com:443/papi/v1/promosearch/product/9109737/offers?parent_id=9109827&price=699&channel=web&version=2,1
122.163.56.194,47,https://paytm.com:443/?utm_medium=affiliate&utm_source=Netcore_mailer&utm_campaign=ElectronicSale-20072015&utm_term=aff3-E,1
122.176.191.17,50,https://paytm.com:443/offer/wp-includes/js/wp-emoji-release.min.js?ver=4.2.2,1
182.64.41.209,63,https://paytm.com:443/offer,2
203.99.205.102,69,https://paytm.com:443/papi/rr/products/6762924/statistics?channel=web&version=2,1
27.4.120.195,73,https://paytm.com:443/shop/p/pantaloons-black-cotton-sweater-size-34-APPPANTALOONS-BTREN50996C056C70E,1
37.228.107.25,76,https://paytm.com:443/settings,5
49.14.114.16,79,https://paytm.com:443/shop/logout?channel=web&version=2,1
52.8.163.87,80,https://paytm.com:443/shop/g/electronics/the-electronic-store/upto-rs-1000-off-on-external-hard-disk-drive?utm_medium=affiliate&utm_source=Netcore_mailer&utm_campaign=ElectronicSale-20072015&utm_term=aff9,1
59.145.203.67,81,https://paytm.com:443/,3
59.145.203.67,82,https://paytm.com:443/shop/g/electronics/mobile-accessories/mobiles-accessories-store/price-never-before-tablets?utm_source=facebook_paid&utm_medium=social&utm_campaign=elec_tablets_ElecVis,1
60.254.123.162,85,https://paytm.com:443/airtel-postpaid-mobile-online-bill-payment.htm,1
1.39.34.86,9,https://paytm.com:443/offer/wp-includes/js/jquery/ui/widget.min.js?ver=1.11.4,1
106.206.146.105,12,https://paytm.com:443/shop/v1/frequentorders?channel=web&version=2,2
106.215.165.251,12,https://paytm.com:443/,1
106.219.61.183,12,https://paytm.com:443/offer/wp-includes/js/jquery/jquery.masonry.min.js?ver=3.1.2,1
107.167.107.7,18,https://paytm.com:443/offer/wp-content/plugins/owl-carousel/js/script.js?ver=4.2.2,1
107.167.107.7,18,https://paytm.com:443/offer/wp-content/uploads/2014/10/17.jpg,1
113.193.203.128,25,https://paytm.com:443/offer/wp-content/plugins/easy-logo-slider/js/jcarousel.responsive.js?ver=4.2.2,1
115.69.82.245,28,https://paytm.com:443/papi/v1/promosearch/product/14512959/offers?parent_id=14513034&price=399&channel=web&version=2,1
117.207.214.248,32,https://paytm.com:443/shop/orderdetail/1118053029?channel=web&version=2,1
117.231.45.193,34,https://paytm.com:443/offer/wp-content/plugins/wp-image-slider-with-lightbox/js/slider-plus-lightbox-js.js?ver=4.2.2,2
122.160.172.54,34,https://paytm.com:443/papi/v1/promosearch/product/5374157/offers?parent_id=2801656&price=56949&channel=web&version=2,1
122.163.59.213,34,https://paytm.com:443/shop/logout?channel=web&version=2,1
122.183.134.99,35,https://paytm.com:443/offer/wp-includes/js/jquery/ui/draggable.min.js?ver=1.11.4,1
122.183.134.99,35,https://paytm.com:443/shop/wallet/txnhistory?page_size=10&page_number=0&channel=web&version=2,1
123.237.16.198,36,https://paytm.com:443/shop/cart,2
124.123.20.224,36,https://www.paytm.com:443/,1
138.106.57.131,37,https://paytm.com:443/offer/wp-content/plugins/really-simple-facebook-twitter-share-buttons/images/facebook-share.png,1
138.106.57.131,37,https://paytm.com:443/offer/wp-content/plugins/really-simple-facebook-twitter-share-buttons/style.css?ver=4.2.2,1
180.151.180.57,42,https://paytm.com:443/shop/cart?channel=web&version=2,3
182.64.71.188,43,http://www.paytm.com:80/,1
182.66.14.28,43,https://paytm.com:443/offer/wp-content/plugins/wp-image-slider-with-lightbox/css/jquery.lbox.css?ver=4.2.2,1
210.56.103.176,45,https://paytm.com:443/papi/nps/merchantrating?merchant_id=49990&channel=web&version=2,1
27.49.104.206,45,https://paytm.com:443/shop/cart?channel=web&version=2,1
58.68.65.226,47,https://paytm.com:443/blog/secured-2-step-authentication-login-on-paytms-website/,1
64.145.75.137,53,https://shop.paytm.com:443/images/edit-gray.png,1
66.249.71.126,63,https://paytm.com:443/shop/p/sagar-pure-ghee-tin-1-ltr-CMPLXFASSAGAR-PURE-GFOOD478698E3001CE,1
66.249.71.126,64,https://paytm.com:443/shop/p/rpb-affluent-brown-chinos-with-free-sunglasses-size-s-MTRUSR00000RT113RSBRSS,1
66.249.71.126,65,https://paytm.com:443/shop/p/dezine-dz-gr0401-blk-brw-analog-watch-WATDEZINE-DZ-GREAGL20019214AE0EF,1
66.249.71.126,66,https://paytm.com:443/shop/p/top-notche-polo-neck-half-sleeve-t-shirts-pack-of-5-size-l-CMPLXMTSHRTTDYFGGMRBWRJMULL?_escaped_fragment_=,1
70.39.186.102,69,https://paytm.com:443/settings,1
1.39.60.219,7,https://paytm.com:443/api/v1/expresscart/checkout?wallet=1,1
1.39.96.235,12,https://paytm.com:443/offer/wp-content/plugins/wc-gallery/includes/css/style.css?ver=1.26,1
1.39.96.235,12,https://paytm.com:443/offer/wp-includes/js/comment-reply.min.js?ver=4.2.2,1
103.225.206.237,16,https://paytm.com:443/offer/wp-content/plugins/wp-social-sharing/static/socialshare.css?ver=1.3,1
106.51.129.0,21,https://paytm.com:443/papi/nps/merchantrating?merchant_id=39120&channel=web&version=2,1
106.51.143.218,22,https://paytm.com:443/shop/cart,1
117.253.211.222,37,https://paytm.com:443/shop/h/electronics?utm_source=Affiliates&utm_medium=VCOMM&utm_campaign=VCOMM-generic&utm_term=1064,2
117.253.220.124,37,https://paytm.com:443/shop/h/electronics?utm_source=Affiliates&utm_medium=VCOMM&utm_campaign=VCOMM-generic&utm_term=1064,1
124.123.56.232,39,https://paytm.com:443/shop/cart,1
14.140.55.138,43,https://paytm.com:443/api/v1/expresscart/checkout?wallet=1,3
161.51.16.10,45,https://paytm.com:443/offer/wp-content/uploads/2015/07/ledq.jpg,1
163.53.86.194,47,https://paytm.com:443/papi/nps/merchantrating?merchant_id=43807&channel=web&version=2,1
182.74.6.162,58,https://paytm.com:443/papi/nps/merchantrating?merchant_id=26564&channel=web&version=2,1
203.13.146.23,61,https://paytm.com:443/shop/login?isIframe=true&theme=mp-web,1
203.194.104.74,61,https://paytm.com:443/offer/wp-content/plugins/wc-gallery/includes/js/owlcarousel/assets/owl.carousel.min.css?ver=2.0.0,1
23.236.125.42,71,http://paytm.com:80/,1
27.107.163.130,71,https://paytm.com:443/shop/h/electronics?utm_term=1,1
27.124.41.86,71,https://paytm.com:443/papi/rr/products/5030380/statistics?channel=web&version=2,1
27.124.41.86,71,https://paytm.com:443/papi/nps/merchantrating?merchant_id=36344&channel=web&version=2,1
43.247.159.40,74,https://paytm.com:443/offer/wp-content/uploads/2015/07/bargain.jpg,1
59.96.237.249,76,https://paytm.com:443/offer/wp-content/plugins/image-slider-responsive/css/flexslider.css?ver=4.2.2,1
70.39.185.64,78,https://paytm.com:443/settings,1
1.39.13.141,10,https://paytm.com:443/offer/wp-content/uploads/2015/07/julqw.jpg,1
1.39.35.100,16,https://paytm.com:443/shop/log,1
101.62.142.45,19,https://paytm.com:443/offer/wp-content/themes/twentytwelve/style.css?ver=4.2.2,1
103.252.25.143,23,https://paytm.com:443/shop/cart?channel=web&version=2,1
115.245.104.29,38,https://paytm.com:443/?utm_medium=affiliate&utm_source=Netcore_mailer&utm_campaign=MegaSale-15072015&utm_term=aff13,1
121.242.63.60,45,https://paytm.com:443/offer/wp-content/plugins/wonderplugin-carousel/engine/wonderplugincarousel.js?ver=3.8,2
121.242.63.60,46,http://www.paytm.com:80/,1
121.242.63.60,48,https://paytm.com:443/offer/wp-content/uploads/2015/07/ledq.jpg,1
121.242.63.60,48,https://paytm.com:443/offer/wp-content/plugins/owl-carousel/css/styles.css?ver=4.2.2,1
121.242.63.60,48,https://paytm.com:443/shop/authresponse?code=e88eea84-a939-4944-88f9-4a693d72d2a4&state=null,1
121.244.116.242,50,https://paytm.com:443/offer/wp-includes/js/jquery/ui/dialog.min.js?ver=1.11.4,1
122.161.55.14,54,https://paytm.com:443/blog/wp-includes/js/jquery/jquery-migrate.min.js?ver=1.2.1,1
202.174.93.15,80,https://paytm.com:443/papi/nps/merchantrating?merchant_id=35315&channel=web&version=2,1
27.97.213.160,91,https://paytm.com:443/offer/wp-content/plugins/wp-responsive-slider-with-lightbox/images/vl-box/controls.png,1
49.206.249.63,95,https://paytm.com:443/offer/wp-content/plugins/contact-form-7/includes/js/jquery.form.min.js?ver=3.51.0-2014.06.20,1
70.39.187.21,104,https://paytm.com:443/offer/wp-content/plugins/contact-form-7/includes/js/jquery.form.min.js?ver=3.51.0-2014.06.20,1
101.209.37.82,4,https://paytm.com:443/login,2
103.43.36.130,9,https://paytm.com:443/shop/cart,1
106.51.232.113,10,https://paytm.com:443/offer/wp-content/uploads/2015/01/bootstrap.min_.css,1
106.76.12.87,10,https://paytm.com:443/shop/orderdetail/1115382352?channel=web&version=2,2
112.79.38.235,11,https://paytm.com:443/user/notifications,1
116.73.139.225,15,https://paytm.com:443/recharge-partners,1
117.192.114.134,15,https://paytm.com:443/papi/v1/promosearch/product/11432419/offers?parent_id=0&price=190&channel=web&version=2,1
117.193.19.81,16,https://paytm.com:443/shop/cart?channel=web&version=2,1
117.211.83.18,19,https://paytm.com:443/papi/rr/products/16372068/statistics?channel=web&version=2,1
117.254.220.85,22,https://paytm.com:443/faq?option=how-wallet-work,1
125.16.17.145,28,https://paytm.com:443/papi/v1/promosearch/product/9871857/offers?parent_id=9119033&price=15300&channel=web&version=2,1
168.235.196.127,41,https://paytm.com:443/?utm_source=ucweb&utm_medium=Affiliate&utm_campaign=web,1
183.82.106.10,48,https://paytm.com:443/shop/g/men/combo-deals,1
203.99.197.97,54,https://paytm.com:443/offer/wp-content/plugins/wonderplugin-carousel/engine/wonderplugincarouselskins.js?ver=3.8,1
203.99.197.97,55,https://paytm.com:443/offer/wp-content/uploads/2015/07/julqw.jpg,2
223.227.248.115,59,https://paytm.com:443/electricity,1
37.228.106.61,62,https://paytm.com:443/offer/wp-content/themes/twentytwelve/js/navigation.js?ver=20140318,1
43.245.209.130,62,https://paytm.com:443/offer/wp-content/uploads/2015/07/kitch11.jpg,1
45.112.68.225,63,https://paytm.com:443/shop/h/electronics?utm_source=Affiliates&utm_medium=VCOMM&utm_campaign=VCOMM-generic&utm_term=1064,1
58.68.39.202,66,https://paytm.com:443/offer/wp-content/plugins/wp-awesome-faq/accordion.js?ver=1,2
58.68.39.202,66,https://paytm.com:443/offer/wp-content/uploads/2015/07/470X220_books.jpg,1
58.68.39.202,66,https://paytm.com:443/offer/wp-content/plugins/wc-gallery/includes/js/flexslider/flexslider.css?ver=2.2.0,1
1.39.60.64,7,https://paytm.com:443/shop/wallet/balance?channel=web&version=2,1
106.208.145.202,17,https://paytm.com:443/papi/v1/promosearch/product/17563539/offers?parent_id=17563545,1
107.167.108.147,20,https://paytm.com:443/settings,2
107.167.108.167,20,https://paytm.com:443/offer/wp-content/plugins/really-simple-facebook-twitter-share-buttons/style.css?ver=4.2.2,2
107.167.109.135,23,https://paytm.com:443/offer/wp-content/uploads/2015/05/healer_img_app.gif,1
107.167.109.135,23,https://paytm.com:443/offer/wp-includes/js/jquery/ui/position.min.js?ver=1.11.4,1
110.232.251.14,25,https://paytm.com:443/offer/wp-includes/js/masonry.min.js?ver=3.1.2,1
115.242.161.87,29,https://paytm.com:443/shop/p/prestitia-everyday-comfort-full-coverage-bra-size-30b-wbrass0000001028ptwt0b,1
117.240.114.91,32,https://paytm.com:443/offer/wp-content/plugins/wonderplugin-carousel/engine/wonderplugincarouselskins.js?ver=3.8,1
122.172.129.169,32,https://paytm.com:443/papi/v1/promosearch/product/17401743/offers?parent_id=17401756&price=999&channel=web&version=2,1
124.123.227.244,36,https://paytm.com:443/offer/,1
14.139.108.146,43,https://paytm.com:443/papi/v1/promosearch/product/16413585/offers?parent_id=12269641&price=369&channel=web&version=2,1
202.76.242.40,60,https://paytm.com:443/shop/user/address?channel=web&version=2,1
59.160.59.3,66,https://paytm.com:443/offer/wp-content/plugins/easy-logo-slider/js/jcarousel.responsive.js?ver=4.2.2,1
59.99.245.227,67,https://paytm.com:443/offer/wp-includes/js/jquery/ui/accordion.min.js?ver=1.11.4,1
1.23.83.238,0,https://paytm.com:443/offer/wp-content/plugins/contact-form-7/includes/js/jquery.form.min.js?ver=3.51.0-2014.06.20,1
103.242.236.2,7,https://paytm.com:443/offer/wp-content/uploads/2015/07/qas.jpg,1
103.242.236.2,8,https://paytm.com:443/offer/wp-content/plugins/really-simple-facebook-twitter-share-buttons/images/facebook-share.png,1
106.208.122.149,11,https://paytm.com:443/shop/p/philips-fc6130-01-hand-held-vacuum-cleaner-PHILIPS_FC6130_NULL_NULL_20960,1
106.208.251.173,11,http://paytm.com:80/,1
106.67.97.184,11,https://paytm.com:443/offer/wp-includes/js/jquery/ui/resizable.min.js?ver=1.11.4,1
115.241.88.36,19,https://paytm.com:443/shop/search/undefined,4
116.203.72.25,22,https://paytm.com:443/shop/p/adidas-white-sport-shoes-size-7-FOOADIDAS-WHITEFOOT48103178017C0,1
117.214.52.11,22,https://paytm.com:443/shop/user/address,1
122.168.148.123,25,https://paytm.com:443/papi/nps/merchantrating?merchant_id=21562&channel=web&version=2,1
202.142.81.183,47,https://paytm.com:443/papi/nps/merchantrating?merchant_id=67825&channel=web&version=2,2
203.192.247.230,52,https://paytm.com:443/papi/v1/promosearch/product/13831280/offers?parent_id=13346962&price=399&channel=web&version=2,1
203.27.235.5,54,https://paytm.com:443/?gclid=CI-Vp6iw7sYCFQlxvAodxG4Hrg,1
37.228.104.13,64,https://paytm.com:443/styles/app.css,2
59.178.49.220,69,https://paytm.com:443/shop/log,1
101.222.225.160,7,https://paytm.com:443/shop/p/sparx-black-and-red-sandals-size-9-FOOSPARX-BLACK-AYUS3638974733FC5,1
101.63.203.153,7,https://paytm.com:443/offer/greencart/?src=offer,1
103.231.45.154,8,https://paytm.com:443/offer/wp-content/plugins/wp-social-sharing/static/socialshare.js?ver=1.3,1
103.231.45.154,8,https://paytm.com:443/offer/wp-content/plugins/wp-responsive-slider-with-lightbox/images/vl-box/controls.png,1
103.39.241.24,10,https://paytm.com:443/offer/wp-includes/js/jquery/jquery.masonry.min.js?ver=3.1.2,1
106.186.23.95,10,https://paytm.com:443/papi/v1/promosearch/product/5677476/offers?parent_id=0&price=269,1
106.186.23.95,10,https://paytm.com:443/papi/v1/promosearch/product/3146335/offers?parent_id=0&price=2892,1
106.186.23.95,10,https://paytm.com:443/papi/v1/promosearch/product/4621302/offers?parent_id=2623813&price=536,1
106.186.23.95,10,https://paytm.com:443/papi/v1/promosearch/product/2595567/offers?parent_id=0&price=199,1
106.186.23.95,10,https://paytm.com:443/papi/v1/promosearch/product/9943333/offers?parent_id=0&price=290,1
106.186.23.95,10,https://paytm.com:443/papi/v1/promosearch/product/9229876/offers?parent_id=9230092&price=499,1
106.186.23.95,10,https://paytm.com:443/papi/v1/promosearch/product/6123034/offers?parent_id=0&price=810,1
106.186.23.95,10,https://paytm.com:443/papi/v1/promosearch/product/5676813/offers?parent_id=0&price=269,1
106.186.23.95,10,https://paytm.com:443/papi/v1/promosearch/product/8450739/offers?parent_id=1631724&price=582,1
106.186.23.95,10,https://paytm.com:443/papi/v1/promosearch/product/10170484/offers?parent_id=1632383&price=1374,1
106.186.23.95,10,https://paytm.com:443/papi/v1/promosearch/product/4142691/offers?parent_id=0&price=599,1
106.186.23.95,11,https://paytm.com:443/papi/v1/promosearch/product/873246/offers?parent_id=1415921&price=553,1
106.186.23.95,11,https://paytm.com:443/papi/v1/promosearch/product/10265938/offers?parent_id=15573414&price=289,1
106.186.23.95,11,https://paytm.com:443/papi/v1/promosearch/product/872480/offers?parent_id=1415163&price=228,1
106.186.23.95,11,https://paytm.com:443/papi/v1/promosearch/product/4217046/offers?parent_id=4228868&price=2165,1
106.186.23.95,12,https://paytm.com:443/papi/v1/promosearch/product/10362326/offers?parent_id=0&price=1000,1
106.186.23.95,12,https://paytm.com:443/papi/v1/promosearch/product/4704127/offers?parent_id=13795787&price=1521,1
106.186.23.95,13,https://paytm.com:443/papi/v1/promosearch/product/10423167/offers?parent_id=2170461&price=1149,1
106.186.23.95,13,https://paytm.com:443/papi/v1/promosearch/product/8504696/offers?parent_id=8504854&price=4252,1
106.186.23.95,13,https://paytm.com:443/papi/v1/promosearch/product/13053007/offers?parent_id=6026497&price=46,1
106.186.23.95,13,https://paytm.com:443/papi/v1/promosearch/product/4024052/offers?parent_id=4024080&price=401,1
106.186.23.95,13,https://paytm.com:443/papi/v1/promosearch/product/5959634/offers?parent_id=0&price=479,1
106.186.23.95,14,https://paytm.com:443/papi/v1/promosearch/product/9877148/offers?parent_id=9877183&price=299,1
106.186.23.95,14,https://paytm.com:443/papi/v1/promosearch/product/8884675/offers?parent_id=0&price=299,1
106.186.23.95,14,https://paytm.com:443/papi/v1/promosearch/product/8551575/offers?parent_id=0&price=169,1
106.186.23.95,14,https://paytm.com:443/papi/v1/promosearch/product/10510376/offers?parent_id=10510377&price=6999,1
106.186.23.95,14,https://paytm.com:443/papi/v1/promosearch/product/9773247/offers?parent_id=0&price=849,1
106.186.23.95,14,https://paytm.com:443/papi/v1/promosearch/product/7918755/offers?parent_id=0&price=249,1
106.186.23.95,14,https://paytm.com:443/papi/v1/promosearch/product/12061512/offers?parent_id=8790312&price=1748,1
106.186.23.95,14,https://paytm.com:443/papi/v1/promosearch/product/8884679/offers?parent_id=0&price=299,1
106.186.23.95,14,https://paytm.com:443/papi/v1/promosearch/product/9626042/offers?parent_id=9626194&price=1075,1
106.186.23.95,14,https://paytm.com:443/papi/v1/promosearch/product/6813917/offers?parent_id=0&price=1900,1
106.186.23.95,14,https://paytm.com:443/papi/v1/promosearch/product/7463289/offers?parent_id=0&price=279,1
106.186.23.95,14,https://paytm.com:443/papi/v1/promosearch/product/4719318/offers?parent_id=10053583&price=3832,1
106.186.23.95,14,https://paytm.com:443/papi/v1/promosearch/product/8755371/offers?parent_id=0&price=199,1
106.186.23.95,14,https://paytm.com:443/papi/v1/promosearch/product/9224655/offers?parent_id=9225541&price=1758,1
106.186.23.95,14,https://paytm.com:443/papi/v1/promosearch/product/7391385/offers?parent_id=0&price=450,1
106.186.23.95,14,https://paytm.com:443/papi/v1/promosearch/product/9500144/offers?parent_id=9500784&price=359,1
106.186.23.95,14,https://paytm.com:443/papi/v1/promosearch/product/8214362/offers?parent_id=8210466&price=499,1
106.186.23.95,15,https://paytm.com:443/papi/v1/promosearch/product/9486083/offers?parent_id=9486930&price=20610,1
106.186.23.95,15,https://paytm.com:443/papi/v1/promosearch/product/10968952/offers?parent_id=0&price=799,1
106.186.23.95,15,https://paytm.com:443/papi/v1/promosearch/product/10542804/offers?parent_id=0&price=1229,1
106.186.23.95,15,https://paytm.com:443/papi/v1/promosearch/product/4700881/offers?parent_id=13732430&price=10150,1
106.186.23.95,15,https://paytm.com:443/papi/v1/promosearch/product/9326249/offers?parent_id=9326613&price=2891,1
106.186.23.95,15,https://paytm.com:443/papi/v1/promosearch/product/3938353/offers?parent_id=3938598&price=16793,1
106.186.23.95,16,https://paytm.com:443/papi/v1/promosearch/product/10579521/offers?parent_id=0&price=1675,1
106.186.23.95,16,https://paytm.com:443/papi/v1/promosearch/product/8042623/offers?parent_id=0&price=599,1
106.186.23.95,16,https://paytm.com:443/papi/v1/promosearch/product/11086239/offers?parent_id=11086254&price=599,1
106.186.23.95,16,https://paytm.com:443/papi/v1/promosearch/product/10821621/offers?parent_id=0&price=556,1
106.186.23.95,16,https://paytm.com:443/papi/v1/promosearch/product/6862150/offers?parent_id=6862230&price=1799,1
106.186.23.95,16,https://paytm.com:443/papi/v1/promosearch/product/11061760/offers?parent_id=11061839&price=999,1
106.186.23.95,16,https://paytm.com:443/papi/v1/promosearch/product/10809524/offers?parent_id=10809534&price=285,1
106.186.23.95,17,https://paytm.com:443/papi/v1/promosearch/product/5845832/offers?parent_id=0&price=399,1
106.186.23.95,17,https://paytm.com:443/papi/v1/promosearch/product/5845338/offers?parent_id=0&price=399,1
106.186.23.95,17,https://paytm.com:443/papi/v1/promosearch/product/5845037/offers?parent_id=0&price=399,1
106.186.23.95,17,https://paytm.com:443/papi/v1/promosearch/product/6272353/offers?parent_id=0&price=396,1
106.186.23.95,17,https://paytm.com:443/papi/v1/promosearch/product/6060231/offers?parent_id=6060452&price=499,1
106.186.23.95,17,https://paytm.com:443/papi/v1/promosearch/product/5845019/offers?parent_id=0&price=399,1
106.186.23.95,17,https://paytm.com:443/papi/v1/promosearch/product/2689443/offers?parent_id=0&price=599,1
106.186.23.95,17,https://paytm.com:443/papi/v1/promosearch/product/5142064/offers?parent_id=13495663&price=1171,1
106.186.23.95,17,https://paytm.com:443/papi/v1/promosearch/product/5396058/offers?parent_id=0&price=678,1
106.186.23.95,17,https://paytm.com:443/papi/v1/promosearch/product/5846593/offers?parent_id=0&price=399,1
106.186.23.95,17,https://paytm.com:443/papi/v1/promosearch/product/5846928/offers?parent_id=0&price=399,1
106.186.23.95,17,https://paytm.com:443/papi/v1/promosearch/product/4639602/offers?parent_id=0&price=319,1
106.186.23.95,17,https://paytm.com:443/papi/v1/promosearch/product/4155337/offers?parent_id=0&price=699,1
106.186.23.95,17,https://paytm.com:443/papi/v1/promosearch/product/2689667/offers?parent_id=0&price=399,1
106.186.23.95,17,https://paytm.com:443/papi/v1/promosearch/product/5845370/offers?parent_id=0&price=399,1
106.186.23.95,17,https://paytm.com:443/papi/v1/promosearch/product/4155171/offers?parent_id=0&price=699,1
106.216.161.83,17,https://paytm.com:443/offer/wp-content/uploads/2015/07/kitch11.jpg,1
107.167.108.246,18,https://paytm.com:443/offer/wp-content/plugins/really-simple-facebook-twitter-share-buttons/style.css?ver=4.2.2,4
122.169.42.193,27,https://paytm.com:443/,1
14.139.86.37,37,https://paytm.com:443/shop/cart?channel=web&version=2,1
14.140.42.67,38,https://paytm.com:443/papi/v1/promosearch/product/11430083/offers?parent_id=11430643&price=1199&channel=web&version=2,1
175.101.16.9,50,https://paytm.com:443/api/v1/expresscart/checkout?wallet=1,1
183.87.134.26,62,https://paytm.com:443/paytmcash,1
183.87.134.26,64,https://paytm.com:443/offer/wp-includes/js/jquery/ui/core.min.js?ver=1.11.4,2
223.176.167.110,67,https://paytm.com:443/offer/wp-content/uploads/2015/07/eoss_620x443.jpg,1
223.176.167.110,67,https://paytm.com:443/offer/wp-content/plugins/owl-carousel/css/owl.carousel.css?ver=4.2.2,1
49.201.82.139,78,https://paytm.com:443/blog/add-to-paytm-cash-wallet-get-rs-40-cash-back/,1
49.201.82.139,78,https://paytm.com:443/blog/wp-includes/js/jquery/jquery-migrate.min.js?ver=1.2.1,1
49.249.154.203,78,https://paytm.com:443/shop/wallet/balance?channel=web&version=2,1
59.91.144.227,80,https://paytm.com:443/shop/orderhistory?pagesize=10&channel=web&version=2,1
70.39.185.253,82,https://paytm.com:443/offer/wp-includes/js/jquery/ui/mouse.min.js?ver=1.11.4,1
1.39.80.10,7,https://paytm.com:443/papi/v1/promosearch/product/14192594/offers?parent_id=0&price=950&channel=web&version=2,1
1.39.9.61,9,https://paytm.com:443/offer/wp-content/plugins/really-simple-facebook-twitter-share-buttons/style.css?ver=4.2.2,1
1.39.97.8,10,https://paytm.com:443/favicon.ico,2
101.59.86.17,10,https://paytm.com:443/,1
103.224.158.116,11,https://paytm.com:443/papi/rr/products/14047172/statistics?channel=web&version=2,1
106.51.241.62,17,https://paytm.com:443/offer/wp-includes/js/jquery/ui/widget.min.js?ver=1.11.4,1
112.133.204.170,25,https://paytm.com:443/papi/rr/products/14223670/statistics?channel=web&version=2,1
112.79.36.53,26,https://paytm.com:443/shop/login?isIframe=true&theme=mp-web,1
115.248.168.114,38,https://paytm.com:443/shop/cart?channel=web&version=2,4
116.202.252.186,39,https://paytm.com:443/shop,1
116.72.12.3,39,https://paytm.com:443/shop/v1/frequentorders?channel=web&version=2,1
117.203.73.124,43,https://paytm.com:443/papi/nps/merchantrating?merchant_id=30876&channel=web&version=2,1
117.223.72.141,46,https://paytm.com:443/shop/cart?channel=web&version=2,5
117.228.76.46,46,https://paytm.com:443/offer/wp-content/plugins/wc-gallery/includes/css/style.css?ver=1.26,1
117.228.76.46,46,https://paytm.com:443/offer/wp-includes/js/jquery/ui/accordion.min.js?ver=1.11.4,1
117.239.203.35,46,https://paytm.com:443/shop/p/samsung-galaxy-core-2-sm-g355h-black-MOBSAMSUNG-GALASYBE20663501D0169,1
117.239.219.210,46,https://paytm.com:443/papi/v1/promosearch/product/2320346/offers?parent_id=14502980&price=360&channel=web&version=2,2
123.63.201.218,54,https://paytm.com:443/offer/wp-content/plugins/really-simple-facebook-twitter-share-buttons/style.css?ver=4.2.2,1
125.19.44.66,57,https://paytm.com:443/api/v1/expresscart/checkout?wallet=1,1
125.19.44.66,58,https://paytm.com:443/shop/g/women/lists-store/caprese-big-sale,1
125.19.44.66,58,https://paytm.com:443/papi/rr/products/5711773/statistics?channel=web&version=2,1
14.139.111.99,63,https://paytm.com:443/shop/login?isIframe=true&theme=mp-web,1
183.82.83.168,88,https://paytm.com:443/offer/wp-includes/js/jquery/ui/resizable.min.js?ver=1.11.4,1
202.95.67.35,97,https://paytm.com:443/shop/orderdetail/1095139173?actions=1&channel=web&version=2,1
223.196.176.162,105,https://paytm.com:443/scripts/common/config/linkConfig.js,1
27.54.168.118,107,https://paytm.com:443/offer/wp-content/plugins/owl-carousel/css/styles.css?ver=4.2.2,1
27.59.61.103,107,https://paytm.com:443/papi/v1/expresscart/verify,1
43.250.40.5,111,https://paytm.com:443/shop/orderhistory?pagesize=10&channel=web&version=2,1
59.177.104.158,116,https://paytm.com:443/offer/wp-content/uploads/2015/07/ggg.jpg,1
61.1.158.39,117,https://paytm.com:443/shop/p/kielz-blue-sandal-size-7-WSNDAL01969_BLUEFOBL77,1
101.60.239.203,7,https://paytm.com:443/offer/wp-content/uploads/2015/07/470X220_books.jpg,1
101.60.239.203,7,https://paytm.com:443/offer/wp-content/uploads/2015/07/cc.png,1
103.20.125.4,10,https://paytm.com:443/offer/wp-content/themes/twentytwelve/js/navigation.js?ver=20140318,1
103.240.96.213,12,https://paytm.com:443/shop/cart?channel=web&version=2,2
103.27.8.42,15,https://paytm.com:443/offer/wp-content/plugins/contact-form-7/includes/css/styles.css?ver=4.0.3,1
106.211.138.211,18,https://paytm.com:443/favicon.ico,1
106.215.168.174,18,https://paytm.com:443/papi/v1/promosearch/product/16425512/offers?parent_id=16425665&price=749&channel=web&version=2,1
121.245.152.106,40,https://paytm.com:443/papi/rr/products/8505375/statistics?channel=web&version=2,1
124.125.90.93,41,https://paytm.com:443/offer/wp-content/uploads/2015/07/pesoal.jpg,1
124.253.182.159,41,https://paytm.com:443/papi/rr/products/13442678/statistics?channel=web&version=2,1
159.220.78.19,52,https://paytm.com:443/papi/nps/merchantrating?merchant_id=22518&channel=web&version=2,1
159.220.78.19,52,https://paytm.com:443/,2
159.220.78.19,52,https://paytm.com:443/offer/wp-includes/js/jquery/ui/mouse.min.js?ver=1.11.4,1
182.19.18.133,67,https://paytm.com:443/offer/wp-content/uploads/2015/07/bedlinen.jpg,1
223.196.196.233,81,https://paytm.com:443/shop/app/user-preferences?sso_token=dde8218d-7ca2-475d-b67b-d9d3b6c1e168&deviceIdentifier=samsung-GT-S7562-354905059624041&deviceManufacturer=samsung&deviceName=GT-S7562&client=androidapp&version=4.4.1&token=ce536ea2-2f0c-44ca-8e8e-54c275398813,2
27.106.15.101,81,https://paytm.com:443/offer/wp-content/plugins/wp-thumbnail-slider/js/wpt-js.js?ver=4.2.2,1
37.228.107.79,84,https://paytm.com:443/?utm_source=Coupondunia&utm_medium=Affiliate&utm_campaign=Coupondunia-recharge,1
59.144.58.37,92,https://paytm.com:443/offer/wp-includes/js/comment-reply.min.js?ver=4.2.2,1
59.144.58.37,95,https://paytm.com:443/papi/nps/merchantrating?merchant_id=52419&channel=web&version=2,2
59.144.58.37,95,https://paytm.com:443/shop/authresponse?code=c24828cf-0a66-4f28-bf21-292afb251377&state=null,1
59.144.58.37,98,https://paytm.com:443/papi/rr/products/16488522/statistics?channel=web&version=2,1
59.178.90.99,100,https://paytm.com:443/shop/cart?channel=web&version=2,4
1.39.13.229,1,https://paytm.com:443/offer/wp-content/plugins/wp-responsive-slider-with-lightbox/css/l-box-css.css?ver=4.2.2,1
103.254.131.24,9,https://paytm.com:443/shop/h/electronics?utm_source=Affiliates&utm_medium=VCOMM&utm_campaign=VCOMM-generic&utm_term=1064,1
103.30.141.161,9,https://paytm.com:443/contactus?src=emails,1
106.220.24.10,10,https://paytm.com:443/bus/promotion,1
106.76.8.81,10,https://paytm.com:443/blog/wp-content/uploads/2015/06/ET1.jpg,1
112.196.112.196,14,https://paytm.com:443/offer/wp-content/uploads/2015/07/ledq.jpg,1
112.196.112.196,14,https://paytm.com:443/offer/wp-content/plugins/image-slider-responsive/js/jquery.flexslider-min.js?ver=4.2.2,1
115.184.73.139,15,https://paytm.com:443/offer/wp-content/plugins/contact-form-7/includes/js/jquery.form.min.js?ver=3.51.0-2014.06.20,1
115.250.47.139,15,https://paytm.com:443/offer/wp-content/uploads/2015/07/qas.jpg,1
117.194.35.238,20,https://paytm.com:443/offer/wp-content/uploads/2015/07/470x220_19july.jpg,1
119.235.50.230,26,https://paytm.com:443/api/v1/expresscart/checkout?wallet=1,1
142.245.59.11,46,https://paytm.com:443/shop/cart?channel=web&version=2,2
175.101.144.18,54,https://paytm.com:443/offer/wp-content/plugins/wp-image-slider-with-lightbox/css/slider-plus-lightbox-style.css?ver=4.2.2,2
175.101.144.48,54,https://paytm.com:443/papi/nps/merchantrating?merchant_id=26529&channel=web&version=2,1
182.72.144.226,65,https://paytm.com:443/papi/v1/promosearch/product/10766072/offers?parent_id=11997222&price=1245&channel=web&version=2,1
202.153.42.122,66,https://paytm.com:443/papi/nps/merchantrating?merchant_id=20846&channel=web&version=2,1
203.122.16.34,69,https://paytm.com:443/shop?utm_source=affiliate&utm_medium=promocodeclub&utm_campaign=promocodeclub-generic&utm_term=pccptm,1
1.39.35.112,3,https://paytm.com:443/shop/cart,13
1.39.35.231,3,https://paytm.com:443/offer/wp-content/themes/twentytwelve/js/navigation.js?ver=20140318,1
106.76.207.155,8,https://paytm.com:443/shop/login?isIframe=true&theme=mp-html5,1
112.110.20.69,12,https://paytm.com:443/offer/wp-includes/js/jquery/ui/accordion.min.js?ver=1.11.4,1
116.202.4.36,16,https://paytm.com:443/offer/wp-content/plugins/owl-carousel/css/owl.theme.css?ver=4.2.2,1
117.216.210.19,17,https://paytm.com:443/papi/nps/merchantrating?merchant_id=23501&channel=web&version=2,1
117.220.11.233,17,https://paytm.com:443/shop/orderhistory?pagesize=10&channel=web&version=2,1
117.223.209.0,18,https://paytm.com:443/?utm_medium=affiliate&utm_source=Netcore_mailer&utm_campaign=ElectronicSale-20072015&utm_term=aff3-E,1
117.247.84.4,19,https://paytm.com:443/shop/login?isIframe=true&theme=mp-web,1
122.161.193.146,22,https://paytm.com:443/offer/wp-content/plugins/images-thumbnail-sliderv1/js/jc.js?ver=4.2.2,1
122.177.65.157,25,https://paytm.com:443/offer/wp-content/plugins/wc-gallery/includes/js/flexslider/flexslider.css?ver=2.2.0,1
125.19.55.178,29,https://paytm.com:443/shop,1
14.141.126.132,34,https://paytm.com:443/papi/nps/merchantrating?merchant_id=23952&channel=web&version=2,2
168.235.195.147,39,https://paytm.com:443/,1
182.18.179.29,46,https://paytm.com:443/offer/wp-content/uploads/2015/07/qas.jpg,1
182.65.226.103,47,https://paytm.com:443/papi/rr/products/12619432/statistics?channel=web&version=2,1
183.82.108.193,52,https://paytm.com:443/papi/rr/products/11100611/statistics?channel=web&version=2,1
202.189.233.125,61,https://paytm.com:443/favicon.ico,1
205.210.222.150,62,https://paytm.com:443/papi/nps/merchantrating?merchant_id=29043&channel=web&version=2,1
54.169.64.74,79,https://paytm.com:443/shop/p/samsung-galaxy-alpha-sm-g850yzkeinu-black-SAMSUNG_SMG850YZKEINU_32GB_BLACK_21550,1
54.169.64.74,79,https://paytm.com:443/shop/p/samsung-galaxy-trend-s7392-ceramic-white-Samsung_GalaxyTrendS7392_4GB_CeramicWhite_22649,1
54.169.64.74,79,https://paytm.com:443/shop/p/karbonn-k84-white-KARBONN_K84_WHITE_NULL_22649,1
54.169.64.74,79,https://paytm.com:443/shop/p/sony-xperia-e4g-dual-sim-white-MOBSONY-XPERIA-DUMM141ADFC299D_35773,1
54.169.64.74,79,https://paytm.com:443/shop/p/apple-mh182hn-a-ipad-air-2-64-gb-tablet-golden-MOBAPPLE-MH182HDUMM1415ED9CBAF_35660,1
54.169.64.74,79,https://paytm.com:443/shop/p/micromax-cg410-brown-CMPLXMICROMAX_CG410_OTHERS_BROWN,1
54.169.64.74,79,https://paytm.com:443/shop/p/micromax-x249-white-MICROMAX_X249_32MB_WHITE_39611,1
54.169.64.74,80,https://paytm.com:443/shop/p/nokia-lumia-630-dual-sim-green-NOKIA_630_8GB_GREEN_22649,1
59.98.113.188,80,https://paytm.com:443/offer/wp-content/plugins/wc-gallery/includes/css/magnific-popup.css?ver=0.9.9,1
101.223.121.170,4,https://paytm.com:443/offer/wp-content/plugins/wonderplugin-carousel/engine/wonderplugincarousel.js?ver=3.8,1
103.248.84.136,8,https://paytm.com:443/shop/v1/frequentorders?channel=web&version=2,2
106.194.29.196,9,https://paytm.com:443/,1
106.194.29.196,9,https://paytm.com:443/shop/h/electronics,1
106.51.135.180,13,https://paytm.com:443/api/v1/expresscart/checkout?wallet=1,1
106.76.50.86,13,https://paytm.com:443/shop/orderdetail/1116644300,1
106.76.50.86,13,https://paytm.com:443/shop/log,1
107.167.107.198,17,https://paytm.com:443/offer/wp-content/uploads/2015/05/archies.jpg,2
112.79.37.88,22,https://paytm.com:443/offer/wp-content/plugins/image-slider-responsive/css/flexslider.css?ver=4.2.2,1
116.203.16.6,25,https://paytm.com:443/offer/wp-content/uploads/2015/07/470X220_books.jpg,1
116.203.16.6,25,https://paytm.com:443/offer/wp-content/uploads/2015/07/offer-page_21july.jpg,1
117.215.170.198,28,https://paytm.com:443/shop/wallet/getP2BModelWindowDetails,1
123.63.80.122,33,https://paytm.com:443/offer/wp-content/plugins/wp-awesome-faq/jquery-ui.css?ver=4.2.2,1
124.253.213.114,36,https://paytm.com:443/offer/wp-content/plugins/wp-thumbnail-slider/css/wpt-slide.css?ver=4.2.2,1
125.16.7.46,38,https://paytm.com:443/api/v1/expresscart/checkout?wallet=1,1
14.141.207.146,43,https://paytm.com:443/favicon.ico,1
183.82.96.211,50,https://paytm.com:443/shop/p/lenovo-g50-70-laptop-59-422412-4th-gen-intel-core-i3-4gb-ram-500gb-hdd-15-6-inches-dos-black-CMPLXLAPLENOVO-G50-7IT-S21704C1B1D9FC,1
203.196.206.173,54,https://paytm.com:443/offer/wp-content/uploads/2015/07/ggg.jpg,1
203.99.208.2,55,https://paytm.com:443/papi/rr/products/9857298/statistics?channel=web&version=2,1
203.99.208.2,56,https://paytm.com:443/?utm_source=affiliates&utm_medium=grabon&utm_campaign=grabon,1
210.212.133.112,66,https://paytm.com:443/papi/rr/products/6276676/statistics?channel=web&version=2,1
27.34.253.54,75,https://paytm.com:443/papi/rr/products/15909767/statistics?channel=web&version=2,1
37.228.107.54,78,https://paytm.com:443/logout,1
1.39.40.64,2,https://paytm.com:443/offer/wp-content/plugins/wc-gallery/includes/js/owlcarousel/assets/owl.theme.default.css?ver=2.0.0,1
106.220.221.102,16,https://paytm.com:443/papi/rr/products/14527182/statistics?channel=web&version=2,1
106.51.131.129,16,https://paytm.com:443/shop?utm_source=Affiliates&utm_medium=VCOMM&utm_campaign=VCOMM&utm_term=24890,1
107.167.108.97,23,https://paytm.com:443/offer/wp-content/plugins/wp-social-sharing/static/socialshare.js?ver=1.3,1
112.79.36.32,35,https://paytm.com:443/shop/cart?channel=web&version=2,2
112.79.38.40,36,https://paytm.com:443/shop/orderdetail/1116554327?channel=web&version=2,1
113.193.194.184,38,https://paytm.com:443/papi/rr/products/16653872/statistics?channel=web&version=2,1
113.193.194.184,38,https://paytm.com:443/papi/rr/products/16653866/statistics?channel=web&version=2,1
116.202.36.65,44,https://paytm.com:443/offer/wp-content/themes/twentytwelve/style.css?ver=4.2.2,1
117.192.77.196,45,https://paytm.com:443/offer/wp-content/plugins/wp-social-sharing/static/socialshare.js?ver=1.3,1
117.213.163.143,47,https://paytm.com:443/shop/v1/frequentorders?channel=web&version=2,2
121.245.173.194,48,https://paytm.com:443/shop/g/books-media-stationery/stationery/paper-products-diaries-notebook/notebooks?utm_source=affiliate&utm_medium=innovativelead&utm_campaign=innovativelead-generic&utm_term=26,1
122.167.205.106,54,https://paytm.com:443/offer/wp-content/plugins/wp-awesome-faq/accordion.js?ver=1,1
124.123.50.166,57,https://paytm.com:443/shop/wallet/txnhistory?page_size=10&page_number=0&channel=web&version=2,1
125.19.44.6,57,https://paytm.com:443/shop/cart?channel=web&version=2,3
14.140.110.74,66,https://paytm.com:443/papi/nps/merchantrating?merchant_id=25061&channel=web&version=2,2
14.98.122.67,68,https://paytm.com:443/offer/wp-content/plugins/wp-responsive-slider-with-lightbox/js/images-responsive-thumbnail-slider-plus-lightbox-jc.js?ver=4.2.2,1
182.70.199.59,80,https://paytm.com:443/api/v1/expresscart/checkout?wallet=1,2
202.142.81.129,86,https://paytm.com:443/shop/orderhistory?before_id=1097481751&pagesize=10&channel=web&version=2,1
59.178.208.123,98,https://paytm.com:443/offer/wp-content/plugins/logo-slider/lgs_jquery.cycle2.js?ver=4.2.2,1
61.2.237.8,98,https://paytm.com:443/papi/nps/merchantrating?merchant_id=154&channel=web&version=2,2
1.39.96.43,6,https://paytm.com:443/shop/p/dell-new-entry-backpack-15-6-inch-DELL_ONB194APIN_NULL_NULL_233,1
107.167.109.152,14,https://paytm.com:443/offer/wp-content/plugins/contact-form-7/includes/js/scripts.js?ver=4.0.3,1
110.225.192.32,19,https://paytm.com:443/shop/cart?channel=web&version=2,1
112.79.35.4,19,https://paytm.com:443/settings,1
115.111.176.6,25,https://paytm.com:443/shop/search?q=scanner,1
115.99.28.19,27,https://paytm.com:443/shop/cart?channel=web&version=2,2
116.203.74.34,29,https://paytm.com:443/papi/v1/promosearch/product/248385/offers?parent_id=251981&price=6750&channel=web&version=2,1
117.239.53.7,34,https://paytm.com:443/shop/orderhistory?pagesize=10&channel=web&version=2,1
117.239.53.7,35,https://paytm.com:443/papi/v1/promosearch/product/14219973/offers?parent_id=14225836&price=999&channel=web&version=2,1
117.245.49.61,37,https://paytm.com:443/shop/cart?channel=web&version=2,1
125.63.117.212,41,https://paytm.com:443/papi/rr/products/14743435/statistics?channel=web&version=2,1
131.165.63.132,41,https://paytm.com:443/shop/p/shree-green-cotton-kurti-size-s-APPSHREE-GREEN-FASH20344C0F49A5A,1
131.165.63.132,42,https://paytm.com:443/papi/v1/promosearch/product/6703083/offers?parent_id=6703154&price=449&channel=web&version=2,2
14.98.126.53,45,https://paytm.com:443/offer/wp-content/plugins/easy-logo-slider/css/style-admin.css?ver=4.2.2,1
175.101.144.14,54,https://paytm.com:443/papi/v1/promosearch/product/5644488/offers?parent_id=0&price=897&channel=web&version=2,2
182.65.72.214,59,https://paytm.com:443/sellers/wp-content/uploads/sites/2/2015/06/promotions_blog.jpg,1
203.115.108.69,67,https://paytm.com:443/offer/wp-content/uploads/2015/07/bedlinen.jpg,1
203.115.108.69,67,https://paytm.com:443/offer/wp-content/plugins/easy-logo-slider/css/jcarouselresponsive.css?ver=4.2.2,2
203.115.108.69,67,https://paytm.com:443/offer/wp-content/themes/twentytwelve/js/navigation.js?ver=20140318,2
219.64.191.152,67,https://paytm.com:443/offer/wp-content/themes/twentytwelve/js/navigation.js?ver=20140318,1
219.64.191.152,67,https://paytm.com:443/offer/wp-content/uploads/2015/07/470x220_19july.jpg,1
49.238.45.11,68,https://paytm.com:443/papi/v1/promosearch/product/5964000/offers?parent_id=5964002&price=1345&channel=web&version=2,1
61.2.14.167,72,https://paytm.com:443/offer/wp-content/plugins/wp-responsive-slider-with-lightbox/css/l-box-css.css?ver=4.2.2,1
1.39.40.116,7,https://paytm.com:443/offer/wp-content/plugins/image-slider-responsive/css/flexslider.css?ver=4.2.2,1
1.39.40.116,7,https://paytm.com:443/offer/wp-content/plugins/wp-responsive-slider-with-lightbox/js/images-responsive-thumbnail-slider-plus-lightbox-jc.js?ver=4.2.2,1
103.242.154.212,16,https://paytm.com:443/logout,1
111.93.188.42,38,https://paytm.com:443/papi/v1/promosearch/product/6312234/offers?parent_id=0&price=320&channel=web&version=2,2
115.112.71.126,45,https://paytm.com:443/offer/wp-content/uploads/2015/01/bootstrap.min_.css,1
115.245.132.210,45,https://paytm.com:443/shop/v1/frequentorders?channel=web&version=2,1
116.203.107.128,45,https://paytm.com:443/offer/wp-content/plugins/wp-image-slider-with-lightbox/css/jquery.lbox.css?ver=4.2.2,1
116.68.96.245,46,https://paytm.com:443/shop/cart,1
117.207.138.143,46,https://paytm.com:443/offer/wp-content/plugins/contact-form-7/includes/css/styles.css?ver=4.0.3,1
117.221.17.189,47,https://paytm.com:443/papi/v1/promosearch/product/5357826/offers?parent_id=0&price=5100&channel=web&version=2,1
117.231.36.4,47,https://paytm.com:443/offer/wp-content/uploads/2015/07/bargain.jpg,1
122.171.83.55,50,https://paytm.com:443/shop/logout?channel=web&version=2,1
123.201.180.47,51,https://paytm.com:443/shop/login?isIframe=true&theme=mp-web,5
139.149.31.232,51,https://paytm.com:443/,1
14.139.160.231,54,https://paytm.com:443/shop/orderdetail/1118048652?channel=web&version=2,1
183.82.133.104,81,https://paytm.com:443/shop/v1/frequentorders?channel=web&version=2,1
37.228.107.76,101,https://paytm.com:443/shop/p/samsung-galaxy-e7-white-MOBSAMSUNG-GALADUMM1414C0D6E8A_22672?utm_source=affiliates&utm_medium=buyhatke&utm_campaign=buyhatke-generic,1
43.249.225.9,101,https://paytm.com:443/shop/cart,1
59.160.73.118,105,https://paytm.com:443/papi/v1/promosearch/product/14223498/offers?parent_id=14226521&price=1494&channel=web&version=2,1
59.160.73.118,107,https://paytm.com:443/offer/wp-content/uploads/2015/01/bootstrap.min_.css,2
59.160.73.118,107,https://paytm.com:443/offer/wp-content/uploads/2015/06/list1.png,1
59.180.176.191,109,https://paytm.com:443/shop/cart?channel=web&version=2,1
59.99.84.59,109,https://paytm.com:443/shop/summary/1116581460,1
59.99.84.59,109,https://paytm.com:443/shop/cart?channel=web&version=2,1
103.26.224.43,10,https://paytm.com:443/shop/p/reebok-multi-color-sports-shoes-size-6-FOOREEBOK-MULTISIDH465524E8BF896,1
106.220.24.220,13,https://paytm.com:443/offer/wp-content/uploads/2015/07/bargain.jpg,1
112.79.39.233,15,https://paytm.com:443/shop/p/my-addiction-blue-pleated-boat-neckline-blouse-cmplxwtopss000mwst460fdtsll,1
112.79.39.233,16,https://paytm.com:443/shop/logout?channel=web&version=2,1
117.199.33.157,22,https://paytm.com:443/papi/v1/expresscart/verify,1
117.201.165.189,22,https://paytm.com:443/offer/wp-content/plugins/wp-awesome-faq/jquery-ui.css?ver=4.2.2,1
117.211.43.2,24,https://paytm.com:443/shop/orderdetail/1116548504?channel=web&version=2,1
117.214.84.94,24,https://paytm.com:443/shop/wallet/txnhistory?page_size=10&page_number=0&channel=web&version=2,1
122.15.156.142,27,https://paytm.com:443/offer/wp-content/plugins/wp-social-sharing/static/socialshare.js?ver=1.3,1
122.170.108.149,31,https://paytm.com:443/papi/v1/promosearch/product/5339885/offers?parent_id=5339896&price=2444&channel=web&version=2,1
180.215.130.124,40,https://paytm.com:443/shop/v1/frequentorders?channel=web&version=2,1
210.212.211.115,53,https://paytm.com:443/shop/orderdetail/1116224114?channel=web&version=2,1
223.225.214.94,56,https://paytm.com:443/shop/cart?channel=web&version=2,1
27.6.91.73,56,https://paytm.com:443/offer/wp-content/plugins/wp-image-slider-with-lightbox/css/jquery.lbox.css?ver=4.2.2,1
27.6.91.73,56,https://paytm.com:443/offer/wp-includes/js/jquery/ui/resizable.min.js?ver=1.11.4,1
49.201.120.244,61,https://paytm.com:443/settings,1
49.249.43.89,62,https://paytm.com:443/shop/cart,1
59.176.45.188,63,https://paytm.com:443/shop/cart?channel=web&version=2,1
103.254.131.18,12,https://paytm.com:443/offer/wp-includes/js/jquery/ui/dialog.min.js?ver=1.11.4,1
111.91.107.160,20,https://paytm.com:443/papi/v1/expresscart/verify,1
111.91.107.160,20,https://paytm.com:443/shop/orderdetail/1117926955,1
115.184.198.199,30,https://paytm.com:443/shop/cart/checkout?channel=web&version=2,1
115.252.78.110,30,https://paytm.com:443/offer/wp-content/plugins/wp-awesome-faq/jquery-ui.css?ver=4.2.2,1
117.197.145.117,35,https://paytm.com:443/shop/cart?channel=web&version=2,1
117.206.182.21,35,https://paytm.com:443/,1
117.217.21.209,35,https://paytm.com:443/papi/v1/promosearch/product/9360062/offers?parent_id=13095990&price=1299&channel=web&version=2,1
117.241.65.187,38,https://paytm.com:443/blog,1
117.248.138.248,38,https://paytm.com:443/papi/rr/products/12707998/statistics?channel=web&version=2,1
117.254.30.254,38,https://paytm.com:443/shop/cart,1
122.184.141.12,44,https://paytm.com:443/offer/wp-content/plugins/wp-thumbnail-slider/js/wpt-js.js?ver=4.2.2,1
14.139.207.130,53,https://paytm.com:443/favicon.ico,1
14.139.233.132,56,https://paytm.com:443/papi/v1/promosearch/product/14223108/offers?parent_id=14226449&price=999&channel=web&version=2,1
175.101.68.86,71,https://paytm.com:443/,1
180.87.196.251,71,https://paytm.com:443/shop/wallet/balance?channel=web&version=2,3
183.82.75.60,76,https://paytm.com:443/offer/wp-content/uploads/2015/07/bb.png,1
183.82.75.60,76,https://paytm.com:443/offer/wp-content/plugins/wonderplugin-carousel/engine/wonderplugincarousel.js?ver=3.8,1
202.142.91.6,76,https://paytm.com:443/shop/authresponse?code=bb962d08-b605-4f56-89b7-da499128414d&state=null,1
27.48.204.45,85,https://paytm.com:443/offer/wp-content/uploads/2014/12/slider-pro.min_.css,1
37.228.106.232,87,https://paytm.com:443/code?code=a9a5207f-378f-4e67-a6e9-1d36d2d7858e,1
43.249.227.147,90,https://paytm.com:443/shop/wallet/txnhistory?page_size=10&page_number=0,1
49.207.217.117,91,https://paytm.com:443/shop/cart?channel=web&version=2,3
59.93.130.231,95,https://paytm.com:443/api/v1/expresscart/checkout?wallet=1,1
101.62.150.171,10,https://paytm.com:443/shop/log,9
103.240.171.84,13,https://paytm.com:443/shop/cart?channel=web&version=2,1
112.110.22.55,17,https://paytm.com:443/,1
115.118.206.226,21,https://paytm.com:443/shop/orderhistory?pagesize=10,1
123.237.232.96,24,https://paytm.com:443/scripts/web/config/resourceConfig.js,1
125.20.9.248,30,https://paytm.com:443/api/v1/expresscart/checkout?wallet=1,1
14.141.173.194,34,https://paytm.com:443/papi/rr/products/9203612/statistics?channel=web&version=2,3
141.0.11.105,36,https://paytm.com:443/shop?utm_source=affiliate&utm_medium=promocodeclub&utm_campaign=promocodeclub-generic&utm_term=pccptm,1
183.87.39.130,43,https://paytm.com:443/offer/wp-content/plugins/wp-responsive-slider-with-lightbox/js/images-responsive-thumbnail-slider-plus-lightbox-jc.js?ver=4.2.2,1
183.87.39.130,43,https://paytm.com:443/offer/wp-content/plugins/image-slider-responsive/js/jquery.flexslider-min.js?ver=4.2.2,1
203.175.5.11,49,https://paytm.com:443/offer/wp-content/plugins/contact-form-7/includes/js/scripts.js?ver=4.0.3,1
223.223.157.47,61,https://paytm.com:443/shop,1
43.249.225.10,63,https://paytm.com:443/papi/v1/promosearch/product/13307099/offers?parent_id=16936714&price=238&channel=web&version=2,1
103.18.71.153,12,https://paytm.com:443/shop/wallet/balance?channel=web&version=2,1
117.200.55.207,31,https://paytm.com:443/shop/v1/frequentorders?channel=web&version=2,1
117.234.53.176,31,https://paytm.com:443/shop/action,1
121.243.119.91,31,https://paytm.com:443/offer/wp-includes/js/jquery/jquery.masonry.min.js?ver=3.1.2,2
123.63.32.141,33,https://paytm.com:443/offer/wp-content/uploads/2015/07/main_sports_health_14jul.jpg,1
14.99.113.204,38,https://paytm.com:443/offer/wp-content/plugins/easy-logo-slider/css/style-admin.css?ver=4.2.2,1
14.99.113.204,38,https://paytm.com:443/offer/wp-includes/js/jquery/ui/accordion.min.js?ver=1.11.4,1
175.100.146.133,51,https://paytm.com:443/shop/h/electronics?utm_source=Affiliates&utm_medium=VCOMM&utm_campaign=VCOMM-generic&utm_term=24890,1
182.57.215.139,52,https://paytm.com:443/,1
203.109.94.31,62,https://paytm.com:443/scripts/web/angular-datepicker.js,1
203.199.49.100,67,https://paytm.com:443/shop/cart?channel=web&version=2,10
203.199.49.100,67,https://paytm.com:443/papi/nps/merchantrating?merchant_id=40129&channel=web&version=2,3
217.140.105.40,70,https://paytm.com:443/shop/action,6
221.134.115.98,74,https://paytm.com:443/offer/wp-content/uploads/2015/07/bb.png,1
223.227.99.2,75,https://paytm.com:443/offer/wp-content/plugins/wp-awesome-faq/accordion.js?ver=1,1
